111: [5, 0.8450980400142568], 
abaj: [2, 0.8450980400142568], 
abiert: [0, 0.8450980400142568], 
abism: [3, 0.7832981079068755], [4, 0.6020599913279624], 
acab: [0, 0.3979400086720376], [1, 0.5177318877571058], [2, 0.5177318877571058], [5, 0.6375237668421739], 
acamp: [0, 0.8450980400142568], 
accidental: [5, 0.8450980400142568], 
accion: [3, 0.8450980400142568], 
acebed: [4, 0.8450980400142568], 
acerc: [4, 0.8450980400142568], 
acompañ: [0, 0.5177318877571058], [2, 0.5177318877571058], [4, 0.5177318877571058], [5, 0.5878056449127935], 
aconsej: [3, 0.8450980400142568], 
acontec: [3, 0.6020599913279624], [4, 0.6020599913279624], 
actos: [3, 0.8450980400142568], 
acud: [0, 0.3979400086720376], [2, 0.3979400086720376], [4, 0.3979400086720376], [5, 0.5878056449127935], 
adentr: [5, 0.8450980400142568], 
afortun: [1, 0.8450980400142568], 
agot: [2, 1.0994978993353877], 
agu: [4, 0.8450980400142568], 
aguil: [2, 0.8450980400142568], 
air: [2, 0.8450980400142568], 
alcanz: [4, 0.8450980400142568], 
alde: [5, 0.8450980400142568], 
alegr: [2, 0.8450980400142568], 
alert: [0, 0.47712125471966244], [1, 0.47712125471966244], [5, 0.47712125471966244], 
alli: [0, 0.5177318877571058], [2, 0.5177318877571058], [4, 0.676088138259007], [5, 0.5177318877571058], 
altern: [0, 0.8450980400142568], 
amenaz: [1, 0.8450980400142568], 
amig: [3, 0.47712125471966244], [4, 0.47712125471966244], [5, 0.7047659464249274], 
amo: [1, 0.7047659464249274], [2, 0.6207490639591157], [4, 0.47712125471966244], 
amon: [4, 0.6020599913279624], [5, 0.6020599913279624], 
anduin: [0, 0.47712125471966244], [4, 0.47712125471966244], [5, 0.47712125471966244], 
anill: [1, 0.5878056449127935], [2, 0.676088138259007], [4, 0.7075975239978617], [5, 0.676088138259007], 
anillo:: [5, 0.8450980400142568], 
aniquil: [4, 0.8450980400142568], 
antigu: [4, 0.8450980400142568], 
anul: [2, 0.8450980400142568], 
apag: [1, 0.8450980400142568], 
aparec: [1, 0.6020599913279624], [4, 0.7832981079068755], 
aparent: [1, 0.6020599913279624], [3, 0.6020599913279624], 
apart: [4, 0.8450980400142568], 
apen: [4, 0.8450980400142568], 
apoder: [2, 0.8450980400142568], 
apoy: [0, 0.8450980400142568], 
apres: [3, 0.8450980400142568], 
apresur: [0, 0.6020599913279624], [3, 0.6020599913279624], 
aprovech: [2, 0.6020599913279624], [3, 0.6020599913279624], 
aragorn: [0, 0.5057998199405678], [2, 0.3424226808222063], [3, 0.5057998199405678], [4, 0.5057998199405678], [5, 0.44550217894536387], 
arañ: [1, 1.3538977586565184], 
ardid: [3, 0.8450980400142568], 
argument: [1, 0.8450980400142568], 
ariet: [0, 0.8450980400142568], 
armas: [5, 0.8450980400142568], 
arnor: [5, 0.8450980400142568], 
arranc: [2, 0.8450980400142568], 
arrastr: [4, 0.6020599913279624], [5, 0.6020599913279624], 
arrebat: [5, 1.0994978993353877], 
arroj: [2, 0.47712125471966244], [3, 0.47712125471966244], [4, 0.47712125471966244], 
arwen: [2, 0.8450980400142568], 
asamble: [3, 0.8450980400142568], 
ascend: [1, 0.8450980400142568], 
ascendiendo;: [2, 0.8450980400142568], 
asemej: [1, 0.8450980400142568], 
asent: [4, 0.8450980400142568], 
asfaloth: [5, 0.8450980400142568], 
asist: [2, 0.8450980400142568], 
asust: [0, 0.8450980400142568], 
atac: [0, 0.3424226808222063], [1, 0.3424226808222063], [2, 0.3424226808222063], [4, 0.44550217894536387], [5, 0.44550217894536387], 
ataqu: [0, 0.8893156098068689], [3, 0.6020599913279624], 
atencion: [0, 0.8450980400142568], 
atrap: [1, 0.47712125471966244], [3, 0.6207490639591157], [5, 0.47712125471966244], 
atraves: [1, 0.6020599913279624], [4, 0.6020599913279624], 
aventur: [2, 0.8450980400142568], 
ayud: [0, 0.5878056449127935], [2, 0.5177318877571058], [3, 0.5177318877571058], [5, 0.3979400086720376], 
año: [2, 0.8450980400142568], 
años: [5, 1.0994978993353877], 
baj: [0, 0.8450980400142568], 
balin: [4, 0.8450980400142568], 
balrog: [4, 1.0994978993353877], 
bar: [3, 0.8450980400142568], 
barad-dûr: [3, 0.8450980400142568], 
barbol: [2, 0.6020599913279624], [3, 0.7832981079068755], 
barc: [0, 0.47712125471966244], [2, 0.47712125471966244], [4, 0.6207490639591157], 
batall: [0, 0.8483937556643807], [2, 0.47712125471966244], [3, 0.8106147001998716], 
batidor: [0, 0.8450980400142568], 
bilb: [2, 0.8893156098068689], [5, 1.070553726385782], 
blanc: [3, 1.2483122772269866], 
bolson: [5, 1.2483122772269866], 
bombadil: [2, 0.6020599913279624], [5, 0.7832981079068755], 
bord: [2, 1.0994978993353877], 
borom: [0, 0.47712125471966244], [3, 0.47712125471966244], [4, 0.8106147001998716], 
bosqu: [0, 0.44550217894536387], [2, 0.44550217894536387], [3, 0.5057998199405678], [4, 0.5057998199405678], [5, 0.3424226808222063], 
braz: [0, 0.8450980400142568], 
bre: [5, 1.2483122772269866], 
bruin: [5, 0.8450980400142568], 
bruj: [0, 1.110859709970224], [1, 0.6020599913279624], 
brun: [2, 0.8450980400142568], 
busc: [0, 0.3424226808222063], [1, 0.3424226808222063], [2, 0.3424226808222063], [4, 0.3424226808222063], [5, 0.3424226808222063], 
cabalg: [0, 0.8450980400142568], 
cabalgat: [0, 0.8450980400142568], 
caball: [0, 0.7832981079068755], [5, 0.6020599913279624], 
caballer: [3, 0.8450980400142568], 
cae: [2, 0.8450980400142568], 
cai: [4, 0.8450980400142568], 
cam: [4, 0.8450980400142568], 
camin: [0, 0.5057998199405678], [1, 0.5485816770685215], [2, 0.44550217894536387], [4, 0.44550217894536387], [5, 0.3424226808222063], 
camp: [0, 0.6207490639591157], [3, 0.47712125471966244], [5, 0.47712125471966244], 
campament: [3, 0.8450980400142568], 
cancion: [5, 0.8450980400142568], 
cans: [2, 0.8450980400142568], 
cansanci: [3, 0.8450980400142568], 
cant: [5, 0.8450980400142568], 
cantid: [1, 0.8450980400142568], 
capital: [3, 0.8450980400142568], 
capitan: [0, 0.6020599913279624], [1, 0.6020599913279624], 
capitul: [3, 0.8450980400142568], 
captur: [1, 0.47712125471966244], [4, 0.47712125471966244], [5, 0.47712125471966244], 
car: [0, 1.0994978993353877], 
caradhr: [4, 0.8450980400142568], 
carg: [2, 1.0994978993353877], 
cas: [0, 0.5177318877571058], [2, 0.3979400086720376], [3, 0.3979400086720376], [5, 0.5177318877571058], 
cayend: [0, 0.8450980400142568], 
cazador: [3, 1.3538977586565184], 
cel: [3, 0.8450980400142568], 
celeborn: [4, 0.8450980400142568], 
celebr: [4, 0.6020599913279624], [5, 0.6020599913279624], 
cen: [0, 0.8450980400142568], 
cercan: [4, 0.8450980400142568], 
cerr: [2, 0.6020599913279624], [5, 0.7832981079068755], 
cienag: [1, 0.8450980400142568], 
cient: [0, 0.8450980400142568], 
circul: [0, 0.8450980400142568], 
cird: [2, 0.8450980400142568], 
cirith: [1, 0.8893156098068689], [2, 0.6020599913279624], 
ciud: [0, 0.8483937556643807], [3, 0.47712125471966244], [4, 0.47712125471966244], 
clim: [4, 0.8450980400142568], 
cobij: [4, 0.8450980400142568], 
codici: [2, 0.8450980400142568], 
cog: [4, 0.8450980400142568], 
com: [1, 0.8450980400142568], 
comarc: [2, 0.9645362244857886], [5, 0.7832981079068755], 
combat: [5, 0.8450980400142568], 
combin: [3, 0.8450980400142568], 
coment: [1, 0.8450980400142568], 
comenz: [0, 0.6020599913279624], [4, 0.6020599913279624], 
comienz: [0, 0.5177318877571058], [1, 0.3979400086720376], [2, 0.5177318877571058], [5, 0.3979400086720376], 
comit: [2, 0.6020599913279624], [3, 0.6020599913279624], 
compañ: [0, 0.47712125471966244], [1, 0.47712125471966244], [2, 0.47712125471966244], 
complet: [3, 0.8450980400142568], 
comun: [4, 1.608297617977649], 
comunic: [3, 0.8450980400142568], 
concili: [4, 1.0994978993353877], 
condicion: [0, 0.8450980400142568], 
conduc: [2, 0.8450980400142568], 
condujeron: [4, 0.8450980400142568], 
conflu: [3, 0.8450980400142568], 
congener: [3, 0.8450980400142568], 
conoc: [0, 0.6020599913279624], [2, 0.6020599913279624], 
consej: [0, 0.47712125471966244], [1, 0.47712125471966244], [4, 0.47712125471966244], 
consigu: [1, 0.6020599913279624], [4, 0.6020599913279624], 
consum: [2, 0.8450980400142568], 
cont: [4, 1.0994978993353877], 
continu: [1, 0.7832981079068755], [2, 0.7832981079068755], 
contraatac: [2, 0.8450980400142568], 
contradiccion: [1, 0.8450980400142568], 
convenc: [4, 0.6020599913279624], [5, 0.6020599913279624], 
convert: [3, 0.8450980400142568], 
convincent: [1, 0.8450980400142568], 
convirt: [2, 0.8450980400142568], 
convoc: [0, 0.6020599913279624], [3, 0.6020599913279624], 
coron: [2, 0.8450980400142568], 
corrient: [5, 0.8450980400142568], 
corsari: [0, 1.2483122772269866], 
cos: [3, 0.8450980400142568], 
cot: [2, 0.8450980400142568], 
cre: [4, 0.8450980400142568], 
criatur: [1, 0.6207490639591157], [2, 0.47712125471966244], [5, 0.47712125471966244], 
crinblanc: [0, 0.8450980400142568], 
cruz: [4, 1.0994978993353877], 
cuant: [4, 0.8450980400142568], 
cubr: [0, 0.8450980400142568], 
cuent: [3, 0.8450980400142568], 
cuerp: [0, 0.47712125471966244], [1, 0.47712125471966244], [2, 0.47712125471966244], 
cuest: [2, 0.8450980400142568], 
culmin: [3, 0.8450980400142568], 
cumpl: [0, 1.0994978993353877], 
cumpleañ: [5, 0.8450980400142568], 
curacion: [4, 0.8450980400142568], 
curios: [3, 0.8450980400142568], 
curs: [4, 0.8450980400142568], 
custodi: [1, 0.7832981079068755], [3, 0.6020599913279624], 
dandol: [5, 0.8450980400142568], 
darl: [3, 0.8450980400142568], 
dars: [2, 0.8450980400142568], 
deb: [0, 0.6020599913279624], [4, 0.6020599913279624], 
debat: [1, 0.8450980400142568], 
decid: [0, 0.5057998199405678], [1, 0.44550217894536387], [3, 0.44550217894536387], [4, 0.5057998199405678], [5, 0.44550217894536387], 
decision: [5, 0.8450980400142568], 
ded: [2, 0.8450980400142568], 
defend: [3, 0.6020599913279624], [5, 0.6020599913279624], 
defens: [3, 0.6020599913279624], [4, 0.6020599913279624], 
defin: [3, 0.8450980400142568], 
defraud: [1, 0.8450980400142568], 
dej: [1, 0.3979400086720376], [2, 0.5878056449127935], [3, 0.5177318877571058], [5, 0.3979400086720376], 
delagu: [2, 0.8450980400142568], 
demand: [0, 0.8450980400142568], 
denethor: [0, 1.5592887372501953], 
dernhelm: [0, 1.0994978993353877], 
derrib: [0, 0.8450980400142568], 
derrot: [2, 0.7047659464249274], [3, 0.7047659464249274], [4, 0.47712125471966244], 
des: [4, 0.8450980400142568], 
desafortun: [3, 0.8450980400142568], 
desaparec: [1, 0.7832981079068755], [5, 0.6020599913279624], 
desastr: [5, 0.8450980400142568], 
desat: [1, 0.8450980400142568], 
desayun: [3, 0.8450980400142568], 
descans: [4, 0.8450980400142568], 
descarg: [0, 0.8450980400142568], 
descend: [1, 0.8450980400142568], 
desconciert: [2, 0.8450980400142568], 
descu: [1, 0.8450980400142568], 
descubiert: [1, 0.6020599913279624], [5, 0.7832981079068755], 
descubr: [1, 0.7832981079068755], [3, 0.7832981079068755], 
dese: [5, 0.8450980400142568], 
desfilader: [1, 0.8450980400142568], 
deshech: [2, 0.8450980400142568], 
desped: [2, 0.8450980400142568], 
despert: [2, 0.6020599913279624], [4, 0.6020599913279624], 
despiert: [2, 0.8450980400142568], 
destin: [2, 0.7832981079068755], [5, 0.6020599913279624], 
destru: [3, 0.6020599913279624], [4, 0.6020599913279624], 
destruyendos: [2, 0.8450980400142568], 
destruyer: [4, 0.8450980400142568], 
desvi: [0, 0.8450980400142568], 
deten: [0, 1.2483122772269866], 
deud: [0, 0.8450980400142568], 
dia: [0, 0.6207490639591157], [3, 0.47712125471966244], [5, 0.47712125471966244], 
dialog: [3, 0.8450980400142568], 
dias: [0, 0.3424226808222063], [1, 0.3424226808222063], [2, 0.44550217894536387], [4, 0.3424226808222063], [5, 0.44550217894536387], 
din: [0, 1.0994978993353877], 
dirig: [0, 0.6207490639591157], [2, 0.6207490639591157], [3, 0.6207490639591157], 
discurs: [5, 0.8450980400142568], 
discusion: [5, 0.8450980400142568], 
disfraz: [2, 0.8450980400142568], 
disfrut: [3, 0.8450980400142568], 
dispon: [0, 1.0994978993353877], 
dispus: [0, 1.0994978993353877], 
distint: [2, 0.6020599913279624], [4, 0.6020599913279624], 
divid: [3, 0.8450980400142568], 
dol: [3, 0.8450980400142568], 
dolor: [2, 0.8450980400142568], 
dorm: [3, 0.8450980400142568], 
druad: [0, 0.8450980400142568], 
druedain: [0, 0.8450980400142568], 
dud: [5, 0.8450980400142568], 
dunad: [0, 0.8450980400142568], 
dunlendin: [2, 0.8450980400142568], 
dûm: [4, 0.8450980400142568], 
echor: [0, 1.2483122772269866], 
edor: [0, 0.47712125471966244], [2, 0.47712125471966244], [3, 0.47712125471966244], 
ejerc: [3, 0.8450980400142568], 
ejercit: [0, 1.110859709970224], [3, 0.6020599913279624], 
elfic: [4, 0.8450980400142568], 
elfo: [4, 0.6020599913279624], [5, 0.6020599913279624], 
elfos: [2, 0.7832981079068755], [4, 0.7832981079068755], 
ella-larañ: [1, 0.8450980400142568], 
ellad: [0, 0.8450980400142568], 
elroh: [0, 0.8450980400142568], 
elrond: [2, 0.7047659464249274], [4, 0.6207490639591157], [5, 0.47712125471966244], 
emisari: [0, 0.8450980400142568], 
emprend: [1, 0.7832981079068755], [2, 0.6020599913279624], 
emyn: [1, 1.0994978993353877], 
enan: [4, 1.0994978993353877], 
encarg: [4, 0.8450980400142568], 
encerr: [3, 0.6020599913279624], [4, 0.6020599913279624], 
encontr: [0, 0.3979400086720376], [2, 0.5177318877571058], [4, 0.5878056449127935], [5, 0.5177318877571058], 
encuentr: [0, 0.44550217894536387], [1, 0.3424226808222063], [2, 0.3424226808222063], [3, 0.44550217894536387], [5, 0.3424226808222063], 
ende: [3, 0.8450980400142568], 
enemig: [0, 0.3979400086720376], [1, 0.3979400086720376], [2, 0.3979400086720376], [4, 0.3979400086720376], 
enemigo;: [0, 0.8450980400142568], 
enfrent: [0, 0.6020599913279624], [4, 0.6020599913279624], 
enloquec: [0, 1.0994978993353877], 
enorm: [1, 0.8450980400142568], 
enseñ: [5, 0.8450980400142568], 
ent: [3, 1.0994978993353877], 
enter: [3, 0.8450980400142568], 
entra: [0, 0.6020599913279624], [1, 0.6020599913279624], 
entran: [1, 0.8450980400142568], 
entrar: [0, 0.6020599913279624], [1, 0.6020599913279624], 
entreg: [2, 0.8450980400142568], 
ents: [3, 0.8450980400142568], 
envi: [0, 1.2483122772269866], 
eom: [0, 0.47712125471966244], [2, 0.47712125471966244], [3, 0.6207490639591157], 
eor: [3, 0.8450980400142568], 
eowyn: [0, 0.7832981079068755], [2, 0.6020599913279624], 
eregion: [4, 0.8450980400142568], 
escap: [1, 0.3424226808222063], [2, 0.3424226808222063], [3, 0.44550217894536387], [4, 0.3424226808222063], [5, 0.3424226808222063], 
escaramuz: [1, 0.8450980400142568], 
escen: [0, 0.8450980400142568], 
escombr: [3, 0.8450980400142568], 
escond: [4, 0.8450980400142568], 
escrib: [2, 0.8450980400142568], 
escuch: [4, 0.8450980400142568], 
espad: [0, 1.0994978993353877], 
esper: [0, 0.6020599913279624], [2, 0.6020599913279624], 
espes: [0, 1.0994978993353877], 
esquiv: [4, 0.8450980400142568], 
estad: [0, 0.8450980400142568], 
estall: [2, 0.8450980400142568], 
estar: [4, 0.8450980400142568], 
estoc: [0, 0.8450980400142568], 
estorb: [0, 0.8450980400142568], 
estrategi: [3, 1.0994978993353877], 
evit: [5, 0.8450980400142568], 
exanim: [2, 0.8450980400142568], 
existent: [1, 0.8450980400142568], 
experient: [3, 0.8450980400142568], 
exterior: [3, 0.8450980400142568], 
facilit: [2, 0.8450980400142568], 
fangorn: [3, 1.2483122772269866], 
faram: [0, 0.7047659464249274], [1, 0.6207490639591157], [2, 0.47712125471966244], 
fatig: [3, 0.8450980400142568], 
fiest: [5, 1.0994978993353877], 
final: [1, 0.6020599913279624], [3, 0.6020599913279624], 
finaliz: [0, 0.8450980400142568], 
fisic: [2, 0.8450980400142568], 
flech: [0, 0.8450980400142568], 
flechaz: [2, 0.8450980400142568], 
flot: [0, 0.8450980400142568], 
fold: [3, 0.8450980400142568], 
form: [4, 0.8450980400142568], 
fracas: [0, 0.8450980400142568], 
frent: [3, 0.8450980400142568], 
frod: [0, 0.39164905395343774], [1, 0.555429854985112], [2, 0.6020599913279624], [3, 0.3010299956639812], [4, 0.535276863192891], [5, 0.555429854985112], 
frodo;: [5, 0.8450980400142568], 
fronter: [2, 0.8450980400142568], 
fueg: [1, 0.6020599913279624], [4, 0.6020599913279624], 
fuer: [0, 0.8450980400142568], 
fuerz: [0, 0.6020599913279624], [3, 0.6020599913279624], 
funeral: [2, 0.8450980400142568], 
funerari: [0, 0.8450980400142568], 
gal: [0, 0.47712125471966244], [3, 0.47712125471966244], [4, 0.47712125471966244], 
galadriel: [0, 0.47712125471966244], [2, 0.6207490639591157], [4, 0.47712125471966244], 
gamos;: [5, 0.8450980400142568], 
gamyi: [5, 0.8450980400142568], 
gandalf: [0, 0.6318034172414803], [2, 0.5485816770685215], [3, 0.6848453616444126], [4, 0.6088793180637254], [5, 0.6088793180637254], 
geb: [4, 0.8450980400142568], 
ghân-buri-ghân: [0, 0.8450980400142568], 
gigant: [1, 0.8450980400142568], 
gigantesc: [0, 0.8450980400142568], 
gimli: [0, 0.6207490639591157], [3, 0.6207490639591157], [4, 0.47712125471966244], 
gladi: [5, 0.8450980400142568], 
glorfindel: [5, 1.0994978993353877], 
gollum: [1, 0.8106147001998716], [2, 0.7047659464249274], [5, 0.47712125471966244], 
golp: [0, 0.8450980400142568], 
gondor: [0, 0.6375237668421739], [2, 0.3979400086720376], [3, 0.5177318877571058], [4, 0.3979400086720376], 
graci: [0, 0.47712125471966244], [1, 0.47712125471966244], [5, 0.6207490639591157], 
gratitud: [0, 0.8450980400142568], 
graved: [5, 0.8450980400142568], 
gravement: [0, 0.8450980400142568], 
griet: [2, 1.0994978993353877], 
grim: [2, 0.6020599913279624], [3, 0.7832981079068755], 
gris: [2, 0.8450980400142568], 
grond: [0, 0.8450980400142568], 
grup: [0, 0.6020599913279624], [1, 0.6020599913279624], 
guard: [3, 0.7832981079068755], [5, 0.6020599913279624], 
guardian: [4, 0.8450980400142568], 
guerrer: [2, 0.8450980400142568], 
gui: [1, 0.8450980400142568], 
gwaih: [2, 0.8450980400142568], 
hab: [0, 0.47712125471966244], [2, 0.47712125471966244], [5, 0.47712125471966244], 
habit: [0, 0.8450980400142568], 
habr: [3, 0.8450980400142568], 
halbar: [0, 0.8450980400142568], 
hald: [4, 0.8450980400142568], 
halit: [0, 0.8450980400142568], 
har: [1, 0.8450980400142568], 
haran: [3, 0.8450980400142568], 
harlond: [0, 0.8450980400142568], 
helm: [3, 1.0994978993353877], 
hen: [4, 0.8450980400142568], 
her: [0, 0.6020599913279624], [2, 0.6020599913279624], 
hereder: [4, 0.8450980400142568], 
herenci: [5, 0.8450980400142568], 
herman: [0, 0.47712125471966244], [2, 0.47712125471966244], [4, 0.47712125471966244], 
hij: [0, 0.7832981079068755], [2, 0.6020599913279624], 
hir: [5, 0.8450980400142568], 
hirgon: [0, 0.8450980400142568], 
histori: [3, 0.8450980400142568], 
hobbit: [1, 0.3979400086720376], [3, 0.3979400086720376], [4, 0.3979400086720376], [5, 0.5878056449127935], 
hobbiton: [2, 0.8450980400142568], 
hobbits: [1, 0.44550217894536387], [2, 0.5817658635212549], [3, 0.5485816770685215], [4, 0.3424226808222063], [5, 0.5817658635212549], 
hombr: [0, 1.0994978993353877], 
hombre-sauc: [5, 0.8450980400142568], 
hor: [0, 0.8450980400142568], 
horribl: [3, 0.8450980400142568], 
huell: [3, 0.8450980400142568], 
huid: [3, 0.8450980400142568], 
huir: [1, 0.47712125471966244], [2, 0.47712125471966244], [4, 0.47712125471966244], 
humill: [2, 0.8450980400142568], 
hurtadill: [1, 0.8450980400142568], 
huy: [0, 0.8450980400142568], 
ide: [0, 0.8450980400142568], 
ident: [0, 0.8450980400142568], 
iii:: [3, 0.8450980400142568], 
impereceder: [2, 0.8450980400142568], 
impos: [0, 0.8450980400142568], 
imposibilit: [1, 0.8450980400142568], 
incapaz: [2, 0.8450980400142568], 
inclu: [0, 0.8450980400142568], 
inconscient: [1, 0.6020599913279624], [2, 0.6020599913279624], 
incorpor: [2, 0.8450980400142568], 
inert: [1, 0.8450980400142568], 
influenci: [3, 0.8450980400142568], 
inform: [0, 0.47712125471966244], [3, 0.47712125471966244], [5, 0.7047659464249274], 
inic: [4, 0.8450980400142568], 
inici: [0, 0.6020599913279624], [2, 0.6020599913279624], 
inminent: [3, 0.8450980400142568], 
inmoviliz: [1, 0.8450980400142568], 
integr: [3, 0.8450980400142568], 
intencion: [0, 0.6020599913279624], [3, 0.7832981079068755], 
intent: [4, 0.8450980400142568], 
interior: [3, 0.8450980400142568], 
intern: [3, 0.8450980400142568], 
interpon: [0, 0.8450980400142568], 
intervencion: [1, 0.8450980400142568], 
intrig: [3, 0.8450980400142568], 
inutil: [2, 0.8450980400142568], 
invasor: [2, 0.8450980400142568], 
invis: [2, 0.8450980400142568], 
invit: [4, 0.8450980400142568], 
involuntari: [3, 0.8450980400142568], 
irse: [5, 0.8450980400142568], 
isen: [0, 0.8450980400142568], 
isengard: [3, 0.9645362244857886], [4, 0.8893156098068689], 
isildur: [0, 0.6020599913279624], [5, 0.6020599913279624], 
ithili: [1, 0.6020599913279624], [2, 0.6020599913279624], 
jardiner: [5, 0.8450980400142568], 
jef: [0, 0.8450980400142568], 
jinet: [0, 1.2483122772269866], 
junt: [2, 0.8450980400142568], 
jurament: [0, 0.8450980400142568], 
just: [0, 0.6020599913279624], [1, 0.6020599913279624], 
khaz: [4, 0.8450980400142568], 
krak: [4, 0.8450980400142568], 
lader: [2, 0.8450980400142568], 
lag: [4, 0.8450980400142568], 
lancer: [0, 0.8450980400142568], 
lanz: [0, 1.0994978993353877], 
latig: [4, 0.8450980400142568], 
lav: [2, 0.8450980400142568], 
legol: [0, 0.6207490639591157], [3, 0.6207490639591157], [4, 0.47712125471966244], 
lengu: [2, 0.8450980400142568], 
ley: [1, 0.8450980400142568], 
liber: [0, 0.6020599913279624], [3, 0.6020599913279624], 
libr: [0, 0.3424226808222063], [1, 0.44550217894536387], [2, 0.3424226808222063], [3, 0.3424226808222063], [4, 0.3424226808222063], 
lind: [3, 0.8450980400142568], 
llam: [0, 0.5177318877571058], [2, 0.5177318877571058], [4, 0.5177318877571058], [5, 0.5177318877571058], 
lleg: [0, 0.5114409330385058], [1, 0.44465780490343443], [2, 0.44465780490343443], [3, 0.39164905395343774], [4, 0.535276863192891], [5, 0.44465780490343443], 
llev: [0, 0.3424226808222063], [1, 0.3424226808222063], [3, 0.3424226808222063], [4, 0.5485816770685215], [5, 0.3424226808222063], 
lob: [4, 0.8450980400142568], 
locur: [0, 1.0994978993353877], 
logr: [0, 0.3979400086720376], [2, 0.3979400086720376], [4, 0.5878056449127935], [5, 0.5177318877571058], 
lom: [0, 0.8450980400142568], 
lothlori: [4, 0.8450980400142568], 
luch: [0, 0.7047659464249274], [1, 0.47712125471966244], [2, 0.47712125471966244], 
luz: [0, 0.8450980400142568], 
mag: [2, 0.3979400086720376], [3, 0.7075975239978617], [4, 0.3979400086720376], [5, 0.5177318877571058], 
magic: [5, 0.8450980400142568], 
mal: [4, 0.8450980400142568], 
maldicion: [0, 0.8450980400142568], 
malher: [0, 0.6020599913279624], [1, 0.6020599913279624], 
malign: [3, 0.8450980400142568], 
mall: [2, 0.8450980400142568], 
man: [2, 0.6020599913279624], [3, 0.8893156098068689], 
manten: [3, 0.8450980400142568], 
march: [1, 0.8893156098068689], [2, 0.8893156098068689], 
mariscal: [3, 0.8450980400142568], 
mat: [2, 1.0994978993353877], 
mazarbul: [4, 0.8450980400142568], 
medi: [2, 0.47712125471966244], [3, 0.47712125471966244], [4, 0.47712125471966244], 
meduseld: [3, 0.8450980400142568], 
merry: [0, 0.5057998199405678], [2, 0.44550217894536387], [3, 0.5485816770685215], [4, 0.44550217894536387], [5, 0.3424226808222063], 
mes: [2, 0.6020599913279624], [4, 0.7832981079068755], 
metr: [1, 0.8450980400142568], 
miembr: [2, 0.6020599913279624], [4, 0.6020599913279624], 
mil: [0, 0.8450980400142568], 
mill: [0, 0.8450980400142568], 
min: [0, 0.6088793180637254], [1, 0.3424226808222063], [2, 0.3424226808222063], [3, 0.3424226808222063], [4, 0.5485816770685215], 
mir: [3, 1.0994978993353877], 
mision: [0, 0.8893156098068689], [1, 0.6020599913279624], 
misteri: [5, 0.8450980400142568], 
mit: [2, 0.8450980400142568], 
mithril: [2, 0.8450980400142568], 
moment: [2, 0.8450980400142568], 
monstru: [4, 0.8450980400142568], 
mont: [0, 0.47712125471966244], [2, 0.47712125471966244], [5, 0.47712125471966244], 
montarac: [0, 0.6020599913279624], [1, 0.7832981079068755], 
montañ: [2, 0.6020599913279624], [4, 0.8893156098068689], 
mordisc: [2, 0.8450980400142568], 
mordor: [0, 0.6207490639591157], [1, 0.764376873198569], [4, 0.47712125471966244], 
morgai;: [1, 0.8450980400142568], 
morgul: [1, 0.8450980400142568], 
mori: [1, 0.6020599913279624], [4, 0.8893156098068689], 
moribund: [0, 0.8450980400142568], 
mortuori: [0, 0.8450980400142568], 
mostr: [0, 0.8450980400142568], 
motiv: [1, 0.6020599913279624], [5, 0.6020599913279624], 
moviliz: [0, 0.8450980400142568], 
muer: [0, 0.7832981079068755], [3, 0.6020599913279624], 
muert: [0, 0.5878056449127935], [1, 0.6375237668421739], [2, 0.5177318877571058], [4, 0.5177318877571058], 
muil: [1, 1.0994978993353877], 
mund: [3, 0.8450980400142568], 
mur: [2, 0.8450980400142568], 
narr: [4, 0.8450980400142568], 
narracion: [3, 0.8450980400142568], 
naur: [2, 0.8450980400142568], 
nazgûl: [0, 0.6375237668421739], [2, 0.3979400086720376], [4, 0.3979400086720376], [5, 0.6375237668421739], 
neces: [0, 0.8450980400142568], 
neg: [0, 0.47712125471966244], [2, 0.6207490639591157], [5, 0.47712125471966244], 
negat: [4, 0.8450980400142568], 
negr: [0, 0.5878056449127935], [1, 0.3979400086720376], [2, 0.3979400086720376], [4, 0.3979400086720376], 
niebl: [5, 0.8450980400142568], 
nieg: [3, 0.8450980400142568], 
nob: [5, 0.8450980400142568], 
noch: [5, 0.8450980400142568], 
nombr: [2, 0.8450980400142568], 
nort: [0, 0.8450980400142568], 
notici: [3, 0.6020599913279624], [5, 0.6020599913279624], 
nub: [0, 0.8450980400142568], 
nubl: [4, 0.8450980400142568], 
numer: [4, 0.8450980400142568], 
objet: [1, 0.6020599913279624], [3, 0.8893156098068689], 
oblig: [0, 0.5177318877571058], [1, 0.3979400086720376], [3, 0.3979400086720376], [4, 0.3979400086720376], 
obra: [5, 0.8450980400142568], 
obras: [2, 0.8450980400142568], 
observ: [0, 0.8450980400142568], 
obsesion: [1, 0.8450980400142568], 
obstant: [0, 0.8450980400142568], 
ocasion: [5, 0.8450980400142568], 
ocult: [0, 0.7832981079068755], [1, 0.6020599913279624], 
ocurr: [0, 0.47712125471966244], [1, 0.47712125471966244], [4, 0.7047659464249274], 
oest: [2, 0.47712125471966244], [3, 0.6207490639591157], [4, 0.47712125471966244], 
ofrec: [0, 0.6020599913279624], [4, 0.7832981079068755], 
oirs: [4, 0.8450980400142568], 
ojos: [1, 0.8450980400142568], 
oponent: [3, 0.8450980400142568], 
oportun: [3, 1.0994978993353877], 
orcos: [0, 0.44550217894536387], [1, 0.3424226808222063], [2, 0.5057998199405678], [3, 0.44550217894536387], [4, 0.5057998199405678], 
orden: [2, 0.47712125471966244], [4, 0.47712125471966244], [5, 0.47712125471966244], 
orill: [4, 1.0994978993353877], 
orodruin: [2, 0.8893156098068689], [4, 0.6020599913279624], 
orthanc: [2, 0.6020599913279624], [3, 0.8893156098068689], 
oscur: [5, 0.8450980400142568], 
oscuro»: [3, 0.8450980400142568], 
oye: [1, 0.8450980400142568], 
pag: [0, 0.8450980400142568], 
palant: [3, 0.8450980400142568], 
par: [5, 0.8450980400142568], 
parec: [4, 0.8450980400142568], 
part: [0, 0.39164905395343774], [1, 0.3010299956639812], [2, 0.3010299956639812], [3, 0.3010299956639812], [4, 0.39164905395343774], [5, 0.4822681122428943], 
partes:: [3, 0.8450980400142568], 
parth: [0, 0.47712125471966244], [3, 0.47712125471966244], [4, 0.47712125471966244], 
pas: [1, 0.3979400086720376], [2, 0.3979400086720376], [4, 0.5878056449127935], [5, 0.3979400086720376], 
paz: [5, 0.8450980400142568], 
ped: [4, 0.8450980400142568], 
pelarg: [0, 0.8450980400142568], 
pelennor: [0, 0.8450980400142568], 
peligr: [3, 0.6020599913279624], [4, 0.6020599913279624], 
penetr: [0, 0.8450980400142568], 
pens: [3, 0.8450980400142568], 
pequeñ: [5, 0.8450980400142568], 
perd: [5, 1.0994978993353877], 
perec: [3, 0.8450980400142568], 
peripeci: [3, 0.8450980400142568], 
permit: [1, 0.8450980400142568], 
persecu: [3, 0.8450980400142568], 
persegu: [3, 0.6020599913279624], [5, 0.6020599913279624], 
persig: [5, 0.8450980400142568], 
personaj: [5, 0.8450980400142568], 
personal: [1, 0.8450980400142568], 
pes: [2, 0.8450980400142568], 
pic: [1, 0.8450980400142568], 
pies: [2, 0.6020599913279624], [4, 0.6020599913279624], 
pippin: [0, 0.5817658635212549], [2, 0.44550217894536387], [3, 0.6318034172414803], [4, 0.44550217894536387], [5, 0.3424226808222063], 
pir: [0, 1.0994978993353877], 
pisador»: [5, 0.8450980400142568], 
plan: [1, 0.6020599913279624], [5, 0.7832981079068755], 
poder: [4, 0.8450980400142568], 
pon: [1, 0.3979400086720376], [2, 0.3979400086720376], [3, 0.3979400086720376], [5, 0.3979400086720376], 
poney: [5, 0.8450980400142568], 
pos: [5, 1.0994978993353877], 
prad: [4, 0.8450980400142568], 
precipit: [3, 0.8450980400142568], 
prefij: [3, 0.8450980400142568], 
prep: [3, 0.8450980400142568], 
prepar: [1, 0.6020599913279624], [3, 0.6020599913279624], 
pres: [4, 0.8450980400142568], 
presenci: [0, 0.6020599913279624], [1, 0.6020599913279624], 
present: [0, 0.8450980400142568], 
pretext: [5, 0.8450980400142568], 
previ: [3, 0.8450980400142568], 
previst: [2, 0.8450980400142568], 
princip: [4, 0.8450980400142568], 
principal: [5, 0.8450980400142568], 
problem: [0, 0.8450980400142568], 
produc: [2, 0.6020599913279624], [3, 0.6020599913279624], 
product: [5, 0.8450980400142568], 
pronunci: [5, 0.8450980400142568], 
proteg: [3, 0.6020599913279624], [4, 0.6020599913279624], 
pud: [5, 0.8450980400142568], 
puebl: [4, 1.0994978993353877], 
puent: [4, 0.8450980400142568], 
puente;: [4, 0.8450980400142568], 
puert: [0, 0.5057998199405678], [1, 0.3424226808222063], [2, 0.44550217894536387], [3, 0.3424226808222063], [4, 0.44550217894536387], 
puest: [0, 0.6020599913279624], [3, 0.6020599913279624], 
pus: [2, 0.47712125471966244], [4, 0.47712125471966244], [5, 0.47712125471966244], 
quebr: [5, 0.8450980400142568], 
qued: [0, 0.47712125471966244], [3, 0.47712125471966244], [5, 0.6207490639591157], 
quem: [0, 0.8450980400142568], 
quer: [4, 0.8450980400142568], 
quint: [0, 0.8450980400142568], 
quit: [3, 0.6020599913279624], [4, 0.6020599913279624], 
ramm: [0, 1.2483122772269866], 
rath: [0, 1.0994978993353877], 
raz: [0, 0.8450980400142568], 
reaparec: [2, 0.8450980400142568], 
rechaz: [4, 0.8450980400142568], 
recib: [0, 0.47712125471966244], [2, 0.47712125471966244], [3, 0.47712125471966244], 
reconstruccion: [2, 0.8450980400142568], 
recorr: [1, 0.8450980400142568], 
recta»: [1, 0.8450980400142568], 
recuper: [2, 1.0994978993353877], 
reencontr: [2, 0.6020599913279624], [3, 0.6020599913279624], 
reencuentr: [3, 0.8450980400142568], 
reflexion: [4, 0.8450980400142568], 
refugi: [3, 0.8450980400142568], 
region: [0, 0.8450980400142568], 
regres: [0, 0.3979400086720376], [2, 0.3979400086720376], [4, 0.3979400086720376], [5, 0.3979400086720376], 
rein: [1, 0.6020599913279624], [3, 0.7832981079068755], 
relat: [3, 0.8450980400142568], 
remat: [0, 0.8450980400142568], 
repleg: [3, 0.8450980400142568], 
replieg: [3, 0.8450980400142568], 
repon: [3, 0.8450980400142568], 
represent: [3, 0.6020599913279624], [4, 0.6020599913279624], 
rescat: [0, 0.3979400086720376], [1, 0.3979400086720376], [2, 0.5177318877571058], [3, 0.5177318877571058], 
resistent: [0, 0.8450980400142568], 
rest: [1, 0.47712125471966244], [4, 0.47712125471966244], [5, 0.47712125471966244], 
retir: [0, 0.8450980400142568], 
retract: [3, 0.8450980400142568], 
retroced: [0, 0.8450980400142568], 
retuv: [4, 0.8450980400142568], 
reun: [0, 0.6020599913279624], [5, 0.6020599913279624], 
revel: [0, 0.47712125471966244], [3, 0.47712125471966244], [4, 0.47712125471966244], 
rey: [0, 0.7119588161868831], [1, 0.3424226808222063], [2, 0.44550217894536387], [3, 0.3424226808222063], [5, 0.3424226808222063], 
rio: [0, 0.47712125471966244], [4, 0.7047659464249274], [5, 0.6207490639591157], 
rivendel: [2, 0.7047659464249274], [4, 0.47712125471966244], [5, 0.764376873198569], 
roh: [0, 0.5878056449127935], [2, 0.5177318877571058], [3, 0.5878056449127935], [4, 0.3979400086720376], 
rohirrim: [0, 0.7832981079068755], [3, 0.8893156098068689], 
roj: [0, 0.6020599913279624], [2, 0.6020599913279624], 
romp: [0, 0.8450980400142568], 
rop: [3, 0.8450980400142568], 
ropaj: [0, 0.6020599913279624], [2, 0.6020599913279624], 
rumb: [2, 0.8450980400142568], 
sab: [5, 0.8450980400142568], 
sabi: [5, 0.8450980400142568], 
sagrari: [0, 1.0994978993353877], 
sal: [0, 0.5177318877571058], [1, 0.5177318877571058], [4, 0.3979400086720376], [5, 0.3979400086720376], 
salida;: [1, 0.8450980400142568], 
salv: [3, 0.6020599913279624], [5, 0.8893156098068689], 
sam: [1, 0.7075975239978617], [2, 0.7776712811535494], [3, 0.3979400086720376], [4, 0.5878056449127935], 
sammath: [2, 0.8450980400142568], 
samsagaz: [5, 0.8450980400142568], 
saneamient: [2, 0.8450980400142568], 
sarn: [4, 0.8450980400142568], 
sarum: [2, 0.7047659464249274], [3, 0.8106147001998716], [4, 0.7047659464249274], 
sauron: [0, 0.39164905395343774], [1, 0.3010299956639812], [2, 0.3010299956639812], [3, 0.44465780490343443], [4, 0.39164905395343774], [5, 0.39164905395343774], 
segu: [2, 0.47712125471966244], [3, 0.47712125471966244], [4, 0.6207490639591157], 
sender: [0, 0.7832981079068755], [2, 0.6020599913279624], 
senescal: [0, 0.764376873198569], [2, 0.47712125471966244], [4, 0.47712125471966244], 
sent: [3, 0.8450980400142568], 
separ: [1, 0.6020599913279624], [3, 0.6020599913279624], 
serpient: [2, 0.8450980400142568], 
servici: [0, 1.0994978993353877], 
servidor: [5, 0.8450980400142568], 
sext: [0, 1.0994978993353877], 
señal: [0, 0.6020599913279624], [3, 0.6020599913279624], 
señor: [4, 0.7832981079068755], [5, 0.6020599913279624], 
sient: [1, 0.8450980400142568], 
sigu: [1, 0.6020599913279624], [4, 0.8893156098068689], 
sintom: [0, 0.8450980400142568], 
sirvient: [3, 1.0994978993353877], 
siti: [0, 1.2483122772269866], 
sobrin: [0, 0.6020599913279624], [5, 0.6020599913279624], 
sol: [0, 0.8450980400142568], 
sombr: [0, 0.8450980400142568], 
sombragr: [0, 0.8450980400142568], 
sorprend: [0, 0.6020599913279624], [5, 0.6020599913279624], 
sorpres: [3, 0.8450980400142568], 
suces: [0, 0.8450980400142568], 
sufr: [3, 0.8450980400142568], 
sum: [0, 0.8450980400142568], 
supon: [1, 0.8450980400142568], 
supondr: [0, 0.8450980400142568], 
sur: [0, 1.2483122772269866], 
sûl: [5, 0.8450980400142568], 
tamañ: [0, 0.8450980400142568], 
tambor: [4, 0.8450980400142568], 
tard: [2, 0.6207490639591157], [3, 0.47712125471966244], [4, 0.47712125471966244], 
tem: [4, 0.8450980400142568], 
tendon: [0, 0.8450980400142568], 
termin: [0, 0.6207490639591157], [2, 0.47712125471966244], [5, 0.47712125471966244], 
terren: [1, 0.8450980400142568], 
territori: [3, 0.8450980400142568], 
tesor: [2, 0.8450980400142568], 
theod: [0, 0.8106147001998716], [2, 0.47712125471966244], [3, 0.6207490639591157], 
tiend: [5, 0.8450980400142568], 
tierr: [2, 0.7832981079068755], [4, 0.6020599913279624], 
tirith: [0, 0.6088793180637254], [1, 0.3424226808222063], [2, 0.3424226808222063], [3, 0.3424226808222063], [4, 0.3424226808222063], 
tom: [0, 0.6088793180637254], [1, 0.44550217894536387], [2, 0.5057998199405678], [3, 0.3424226808222063], [5, 0.44550217894536387], 
toqu: [5, 0.8450980400142568], 
torech: [1, 0.8450980400142568], 
torr: [1, 0.6020599913279624], [3, 0.6020599913279624], 
tortur: [3, 0.8450980400142568], 
tra: [0, 0.8450980400142568], 
trab: [0, 0.8450980400142568], 
traicion: [1, 0.7832981079068755], [4, 0.6020599913279624], 
trampa;: [5, 0.8450980400142568], 
tranquil: [5, 0.8450980400142568], 
transmit: [0, 0.8450980400142568], 
trat: [0, 0.3979400086720376], [3, 0.3979400086720376], [4, 0.5177318877571058], [5, 0.3979400086720376], 
traz: [5, 0.8450980400142568], 
treinten: [3, 0.8450980400142568], 
trep: [2, 0.8450980400142568], 
trop: [0, 0.6207490639591157], [1, 0.6207490639591157], [2, 0.47712125471966244], 
tumb: [4, 0.8450980400142568], 
tumul: [5, 0.8450980400142568], 
tumulari: [5, 1.0994978993353877], 
ucorn: [3, 0.6020599913279624], [5, 0.6020599913279624], 
umbar: [0, 0.8450980400142568], 
ungol: [1, 0.9645362244857886], [2, 0.6020599913279624], 
unic: [1, 0.6020599913279624], [5, 0.6020599913279624], 
union: [2, 0.8450980400142568], 
uruk-hai: [3, 0.8450980400142568], 
usad: [1, 0.6020599913279624], [4, 0.6020599913279624], 
vad: [0, 0.6020599913279624], [5, 0.6020599913279624], 
vag: [1, 0.8450980400142568], 
vall: [1, 0.8450980400142568], 
ve: [1, 0.8450980400142568], 
veint: [5, 0.8450980400142568], 
veloz: [0, 0.8450980400142568], 
ven: [0, 0.8450980400142568], 
venc: [3, 0.8450980400142568], 
venen: [1, 0.8450980400142568], 
viaj: [0, 0.3424226808222063], [1, 0.3424226808222063], [2, 0.5057998199405678], [4, 0.3424226808222063], [5, 0.44550217894536387], 
viajer: [1, 1.0994978993353877], 
victori: [0, 0.8450980400142568], 
viej: [2, 0.6020599913279624], [5, 0.7832981079068755], 
vigil: [1, 0.8450980400142568], 
vio: [0, 0.6020599913279624], [4, 0.6020599913279624], 
vision: [3, 0.8450980400142568], 
visit: [0, 0.6020599913279624], [2, 0.6020599913279624], 
viv: [3, 0.6020599913279624], [5, 0.6020599913279624], 
volte: [0, 0.8450980400142568], 
volunt: [2, 0.8450980400142568], 
vuelt: [0, 0.6020599913279624], [4, 0.6020599913279624], 
vuelv: [0, 0.6020599913279624], [1, 0.7832981079068755], 
yelm: [0, 0.8450980400142568], 
yend: [1, 0.8450980400142568], 
«el: [5, 0.8450980400142568], 
«escaler: [1, 0.8450980400142568], 
«señor: [3, 0.8450980400142568], 
