[
    [
        "abiert",
        [
            [
                4,
                1
            ]
        ]
    ],
    [
        "abism",
        [
            [
                1,
                1
            ],
            [
                2,
                2
            ]
        ]
    ],
    [
        "acab",
        [
            [
                0,
                4
            ],
            [
                3,
                2
            ],
            [
                4,
                1
            ]
        ]
    ],
    [
        "acamp",
        [
            [
                4,
                1
            ]
        ]
    ],
    [
        "accidental",
        [
            [
                0,
                1
            ]
        ]
    ],
    [
        "accin",
        [
            [
                2,
                1
            ]
        ]
    ],
    [
        "acebed",
        [
            [
                1,
                1
            ]
        ]
    ],
    [
        "acerc",
        [
            [
                1,
                1
            ]
        ]
    ],
    [
        "acomp",
        [
            [
                0,
                2
            ],
            [
                1,
                2
            ],
            [
                4,
                2
            ]
        ]
    ],
    [
        "acompa",
        [
            [
                0,
                1
            ]
        ]
    ],
    [
        "aconsej",
        [
            [
                2,
                1
            ]
        ]
    ],
    [
        "acontec",
        [
            [
                1,
                1
            ],
            [
                2,
                1
            ]
        ]
    ],
    [
        "actos",
        [
            [
                2,
                1
            ]
        ]
    ],
    [
        "acud",
        [
            [
                0,
                2
            ],
            [
                4,
                1
            ]
        ]
    ],
    [
        "acudi",
        [
            [
                0,
                1
            ]
        ]
    ],
    [
        "acudir",
        [
            [
                1,
                1
            ]
        ]
    ],
    [
        "adentr",
        [
            [
                0,
                1
            ]
        ]
    ],
    [
        "afortun",
        [
            [
                3,
                1
            ]
        ]
    ],
    [
        "agu",
        [
            [
                1,
                1
            ]
        ]
    ],
    [
        "alcanz",
        [
            [
                1,
                1
            ]
        ]
    ],
    [
        "alde",
        [
            [
                0,
                1
            ]
        ]
    ],
    [
        "alert",
        [
            [
                0,
                1
            ],
            [
                3,
                1
            ]
        ]
    ],
    [
        "all",
        [
            [
                0,
                2
            ],
            [
                1,
                5
            ],
            [
                4,
                2
            ]
        ]
    ],
    [
        "altern",
        [
            [
                4,
                1
            ]
        ]
    ],
    [
        "amenaz",
        [
            [
                3,
                1
            ]
        ]
    ],
    [
        "amig",
        [
            [
                0,
                3
            ],
            [
                1,
                1
            ],
            [
                2,
                1
            ]
        ]
    ],
    [
        "amo",
        [
            [
                1,
                1
            ],
            [
                3,
                3
            ]
        ]
    ],
    [
        "amon",
        [
            [
                0,
                1
            ],
            [
                1,
                1
            ]
        ]
    ],
    [
        "anduin",
        [
            [
                0,
                1
            ],
            [
                1,
                1
            ],
            [
                4,
                1
            ]
        ]
    ],
    [
        "anill",
        [
            [
                0,
                6
            ],
            [
                1,
                6
            ],
            [
                3,
                3
            ]
        ]
    ],
    [
        "aniquil",
        [
            [
                1,
                1
            ]
        ]
    ],
    [
        "antigu",
        [
            [
                1,
                1
            ]
        ]
    ],
    [
        "aos",
        [
            [
                0,
                2
            ]
        ]
    ],
    [
        "aparec",
        [
            [
                1,
                1
            ],
            [
                3,
                1
            ]
        ]
    ],
    [
        "apareci",
        [
            [
                1,
                1
            ]
        ]
    ],
    [
        "apart",
        [
            [
                1,
                1
            ]
        ]
    ],
    [
        "apen",
        [
            [
                1,
                1
            ]
        ]
    ],
    [
        "apoy",
        [
            [
                4,
                1
            ]
        ]
    ],
    [
        "apres",
        [
            [
                2,
                1
            ]
        ]
    ],
    [
        "apresur",
        [
            [
                2,
                1
            ],
            [
                4,
                1
            ]
        ]
    ],
    [
        "aprovech",
        [
            [
                2,
                1
            ]
        ]
    ],
    [
        "ara",
        [
            [
                3,
                4
            ]
        ]
    ],
    [
        "aragorn",
        [
            [
                0,
                2
            ],
            [
                1,
                3
            ],
            [
                2,
                3
            ],
            [
                4,
                3
            ]
        ]
    ],
    [
        "ardid",
        [
            [
                2,
                1
            ]
        ]
    ],
    [
        "argument",
        [
            [
                3,
                1
            ]
        ]
    ],
    [
        "ariet",
        [
            [
                4,
                1
            ]
        ]
    ],
    [
        "armas",
        [
            [
                0,
                1
            ]
        ]
    ],
    [
        "arnor",
        [
            [
                0,
                1
            ]
        ]
    ],
    [
        "arrastr",
        [
            [
                0,
                1
            ],
            [
                1,
                1
            ]
        ]
    ],
    [
        "arrebat",
        [
            [
                0,
                1
            ]
        ]
    ],
    [
        "arrebatrsel",
        [
            [
                0,
                1
            ]
        ]
    ],
    [
        "arroj",
        [
            [
                1,
                1
            ],
            [
                2,
                1
            ]
        ]
    ],
    [
        "as",
        [
            [
                0,
                1
            ],
            [
                2,
                1
            ],
            [
                3,
                1
            ],
            [
                4,
                1
            ]
        ]
    ],
    [
        "asamble",
        [
            [
                2,
                1
            ]
        ]
    ],
    [
        "ascend",
        [
            [
                3,
                1
            ]
        ]
    ],
    [
        "asemej",
        [
            [
                3,
                1
            ]
        ]
    ],
    [
        "asent",
        [
            [
                1,
                1
            ]
        ]
    ],
    [
        "asfaloth",
        [
            [
                0,
                1
            ]
        ]
    ],
    [
        "asust",
        [
            [
                4,
                1
            ]
        ]
    ],
    [
        "atac",
        [
            [
                0,
                2
            ],
            [
                1,
                2
            ],
            [
                3,
                1
            ],
            [
                4,
                1
            ]
        ]
    ],
    [
        "ataqu",
        [
            [
                2,
                1
            ],
            [
                4,
                3
            ]
        ]
    ],
    [
        "atrap",
        [
            [
                0,
                1
            ],
            [
                2,
                2
            ],
            [
                3,
                1
            ]
        ]
    ],
    [
        "atraves",
        [
            [
                1,
                1
            ],
            [
                3,
                1
            ]
        ]
    ],
    [
        "ayud",
        [
            [
                0,
                1
            ],
            [
                2,
                1
            ],
            [
                4,
                3
            ]
        ]
    ],
    [
        "ayudndol",
        [
            [
                2,
                1
            ]
        ]
    ],
    [
        "baj",
        [
            [
                4,
                1
            ]
        ]
    ],
    [
        "balin",
        [
            [
                1,
                1
            ]
        ]
    ],
    [
        "balrog",
        [
            [
                1,
                2
            ]
        ]
    ],
    [
        "bar",
        [
            [
                2,
                1
            ]
        ]
    ],
    [
        "baraddr",
        [
            [
                2,
                1
            ]
        ]
    ],
    [
        "barc",
        [
            [
                1,
                2
            ],
            [
                4,
                1
            ]
        ]
    ],
    [
        "batall",
        [
            [
                2,
                5
            ],
            [
                4,
                6
            ]
        ]
    ],
    [
        "batidor",
        [
            [
                4,
                1
            ]
        ]
    ],
    [
        "bilb",
        [
            [
                0,
                6
            ]
        ]
    ],
    [
        "blanc",
        [
            [
                2,
                3
            ]
        ]
    ],
    [
        "bolsn",
        [
            [
                0,
                3
            ]
        ]
    ],
    [
        "bombadil",
        [
            [
                0,
                2
            ]
        ]
    ],
    [
        "borom",
        [
            [
                1,
                5
            ],
            [
                2,
                1
            ],
            [
                4,
                1
            ]
        ]
    ],
    [
        "bosqu",
        [
            [
                0,
                1
            ],
            [
                1,
                3
            ],
            [
                2,
                3
            ],
            [
                4,
                2
            ]
        ]
    ],
    [
        "braz",
        [
            [
                4,
                1
            ]
        ]
    ],
    [
        "brbol",
        [
            [
                2,
                2
            ]
        ]
    ],
    [
        "bre",
        [
            [
                0,
                3
            ]
        ]
    ],
    [
        "bruin",
        [
            [
                0,
                1
            ]
        ]
    ],
    [
        "bruj",
        [
            [
                3,
                1
            ],
            [
                4,
                7
            ]
        ]
    ],
    [
        "busc",
        [
            [
                0,
                1
            ],
            [
                1,
                1
            ],
            [
                3,
                1
            ],
            [
                4,
                1
            ]
        ]
    ],
    [
        "caa",
        [
            [
                1,
                1
            ]
        ]
    ],
    [
        "cabalg",
        [
            [
                4,
                1
            ]
        ]
    ],
    [
        "cabalgat",
        [
            [
                4,
                1
            ]
        ]
    ],
    [
        "caball",
        [
            [
                0,
                1
            ],
            [
                4,
                2
            ]
        ]
    ],
    [
        "caballer",
        [
            [
                2,
                1
            ]
        ]
    ],
    [
        "camin",
        [
            [
                0,
                1
            ],
            [
                1,
                2
            ],
            [
                3,
                4
            ],
            [
                4,
                3
            ]
        ]
    ],
    [
        "camp",
        [
            [
                0,
                1
            ],
            [
                2,
                1
            ],
            [
                4,
                2
            ]
        ]
    ],
    [
        "campament",
        [
            [
                2,
                1
            ]
        ]
    ],
    [
        "cancin",
        [
            [
                0,
                1
            ]
        ]
    ],
    [
        "cansanci",
        [
            [
                2,
                1
            ]
        ]
    ],
    [
        "cant",
        [
            [
                0,
                1
            ]
        ]
    ],
    [
        "cantid",
        [
            [
                3,
                1
            ]
        ]
    ],
    [
        "capital",
        [
            [
                2,
                1
            ]
        ]
    ],
    [
        "capitn",
        [
            [
                3,
                1
            ]
        ]
    ],
    [
        "captul",
        [
            [
                2,
                1
            ]
        ]
    ],
    [
        "captur",
        [
            [
                0,
                1
            ],
            [
                1,
                1
            ],
            [
                3,
                1
            ]
        ]
    ],
    [
        "car",
        [
            [
                4,
                2
            ]
        ]
    ],
    [
        "caradhr",
        [
            [
                1,
                1
            ]
        ]
    ],
    [
        "cas",
        [
            [
                0,
                2
            ],
            [
                2,
                1
            ],
            [
                4,
                2
            ]
        ]
    ],
    [
        "cayend",
        [
            [
                4,
                1
            ]
        ]
    ],
    [
        "cazador",
        [
            [
                2,
                4
            ]
        ]
    ],
    [
        "cel",
        [
            [
                2,
                1
            ]
        ]
    ],
    [
        "celeborn",
        [
            [
                1,
                1
            ]
        ]
    ],
    [
        "celebracin",
        [
            [
                0,
                1
            ],
            [
                1,
                1
            ]
        ]
    ],
    [
        "cen",
        [
            [
                4,
                1
            ]
        ]
    ],
    [
        "cercan",
        [
            [
                1,
                1
            ]
        ]
    ],
    [
        "cerr",
        [
            [
                0,
                2
            ]
        ]
    ],
    [
        "cient",
        [
            [
                4,
                1
            ]
        ]
    ],
    [
        "cinag",
        [
            [
                3,
                1
            ]
        ]
    ],
    [
        "cirith",
        [
            [
                3,
                3
            ]
        ]
    ],
    [
        "ciud",
        [
            [
                1,
                1
            ],
            [
                2,
                1
            ],
            [
                4,
                6
            ]
        ]
    ],
    [
        "clim",
        [
            [
                1,
                1
            ]
        ]
    ],
    [
        "cmar",
        [
            [
                1,
                1
            ]
        ]
    ],
    [
        "cobij",
        [
            [
                1,
                1
            ]
        ]
    ],
    [
        "cogi",
        [
            [
                1,
                1
            ]
        ]
    ],
    [
        "com",
        [
            [
                3,
                1
            ]
        ]
    ],
    [
        "comarc",
        [
            [
                0,
                2
            ]
        ]
    ],
    [
        "combat",
        [
            [
                0,
                1
            ]
        ]
    ],
    [
        "combin",
        [
            [
                2,
                1
            ]
        ]
    ],
    [
        "coment",
        [
            [
                3,
                1
            ]
        ]
    ],
    [
        "comenz",
        [
            [
                1,
                1
            ],
            [
                4,
                1
            ]
        ]
    ],
    [
        "comit",
        [
            [
                2,
                1
            ]
        ]
    ],
    [
        "compa",
        [
            [
                3,
                1
            ],
            [
                4,
                1
            ]
        ]
    ],
    [
        "complet",
        [
            [
                2,
                1
            ]
        ]
    ],
    [
        "comun",
        [
            [
                1,
                8
            ]
        ]
    ],
    [
        "comunic",
        [
            [
                2,
                1
            ]
        ]
    ],
    [
        "concili",
        [
            [
                1,
                2
            ]
        ]
    ],
    [
        "condujeron",
        [
            [
                1,
                1
            ]
        ]
    ],
    [
        "conflu",
        [
            [
                2,
                1
            ]
        ]
    ],
    [
        "congner",
        [
            [
                2,
                1
            ]
        ]
    ],
    [
        "consigu",
        [
            [
                1,
                1
            ],
            [
                3,
                1
            ]
        ]
    ],
    [
        "cont",
        [
            [
                1,
                1
            ]
        ]
    ],
    [
        "contin",
        [
            [
                3,
                1
            ]
        ]
    ],
    [
        "continu",
        [
            [
                3,
                1
            ]
        ]
    ],
    [
        "contradiccion",
        [
            [
                3,
                1
            ]
        ]
    ],
    [
        "contrsel",
        [
            [
                1,
                1
            ]
        ]
    ],
    [
        "convenc",
        [
            [
                1,
                1
            ]
        ]
    ],
    [
        "convencindol",
        [
            [
                0,
                1
            ]
        ]
    ],
    [
        "convert",
        [
            [
                2,
                1
            ]
        ]
    ],
    [
        "convincent",
        [
            [
                3,
                1
            ]
        ]
    ],
    [
        "convoc",
        [
            [
                2,
                1
            ],
            [
                4,
                1
            ]
        ]
    ],
    [
        "corrient",
        [
            [
                0,
                1
            ]
        ]
    ],
    [
        "corsari",
        [
            [
                4,
                3
            ]
        ]
    ],
    [
        "cre",
        [
            [
                1,
                1
            ]
        ]
    ],
    [
        "criatur",
        [
            [
                0,
                1
            ],
            [
                3,
                2
            ]
        ]
    ],
    [
        "crinblanc",
        [
            [
                4,
                1
            ]
        ]
    ],
    [
        "cruz",
        [
            [
                1,
                2
            ]
        ]
    ],
    [
        "cuant",
        [
            [
                1,
                1
            ]
        ]
    ],
    [
        "cubri",
        [
            [
                4,
                1
            ]
        ]
    ],
    [
        "cuent",
        [
            [
                2,
                1
            ]
        ]
    ],
    [
        "cuerp",
        [
            [
                3,
                1
            ],
            [
                4,
                1
            ]
        ]
    ],
    [
        "culmin",
        [
            [
                2,
                1
            ]
        ]
    ],
    [
        "cumpl",
        [
            [
                4,
                2
            ]
        ]
    ],
    [
        "cumplea",
        [
            [
                0,
                1
            ]
        ]
    ],
    [
        "curacin",
        [
            [
                1,
                1
            ]
        ]
    ],
    [
        "curios",
        [
            [
                2,
                1
            ]
        ]
    ],
    [
        "curs",
        [
            [
                1,
                1
            ]
        ]
    ],
    [
        "custodi",
        [
            [
                2,
                1
            ],
            [
                3,
                1
            ]
        ]
    ],
    [
        "custodindol",
        [
            [
                3,
                1
            ]
        ]
    ],
    [
        "darl",
        [
            [
                2,
                1
            ]
        ]
    ],
    [
        "das",
        [
            [
                0,
                2
            ],
            [
                1,
                1
            ],
            [
                3,
                1
            ],
            [
                4,
                1
            ]
        ]
    ],
    [
        "deb",
        [
            [
                1,
                1
            ],
            [
                4,
                1
            ]
        ]
    ],
    [
        "debat",
        [
            [
                3,
                1
            ]
        ]
    ],
    [
        "decid",
        [
            [
                0,
                1
            ],
            [
                1,
                2
            ],
            [
                2,
                2
            ],
            [
                3,
                2
            ],
            [
                4,
                3
            ]
        ]
    ],
    [
        "decidir",
        [
            [
                0,
                1
            ],
            [
                1,
                1
            ]
        ]
    ],
    [
        "decisin",
        [
            [
                0,
                1
            ]
        ]
    ],
    [
        "defend",
        [
            [
                0,
                1
            ],
            [
                2,
                1
            ]
        ]
    ],
    [
        "defens",
        [
            [
                1,
                1
            ],
            [
                2,
                1
            ]
        ]
    ],
    [
        "defin",
        [
            [
                2,
                1
            ]
        ]
    ],
    [
        "defraud",
        [
            [
                3,
                1
            ]
        ]
    ],
    [
        "dej",
        [
            [
                2,
                2
            ],
            [
                3,
                1
            ]
        ]
    ],
    [
        "demand",
        [
            [
                4,
                1
            ]
        ]
    ],
    [
        "dems",
        [
            [
                1,
                1
            ]
        ]
    ],
    [
        "denethor",
        [
            [
                4,
                7
            ]
        ]
    ],
    [
        "dernhelm",
        [
            [
                4,
                2
            ]
        ]
    ],
    [
        "derrib",
        [
            [
                4,
                1
            ]
        ]
    ],
    [
        "derrot",
        [
            [
                1,
                1
            ],
            [
                2,
                3
            ]
        ]
    ],
    [
        "des",
        [
            [
                1,
                1
            ]
        ]
    ],
    [
        "desafortun",
        [
            [
                2,
                1
            ]
        ]
    ],
    [
        "desaparec",
        [
            [
                3,
                2
            ]
        ]
    ],
    [
        "desapareci",
        [
            [
                0,
                1
            ]
        ]
    ],
    [
        "desastr",
        [
            [
                0,
                1
            ]
        ]
    ],
    [
        "desat",
        [
            [
                3,
                1
            ]
        ]
    ],
    [
        "desayun",
        [
            [
                2,
                1
            ]
        ]
    ],
    [
        "descans",
        [
            [
                1,
                1
            ]
        ]
    ],
    [
        "descarg",
        [
            [
                4,
                1
            ]
        ]
    ],
    [
        "descend",
        [
            [
                3,
                1
            ]
        ]
    ],
    [
        "descu",
        [
            [
                3,
                1
            ]
        ]
    ],
    [
        "descubiert",
        [
            [
                0,
                2
            ],
            [
                3,
                1
            ]
        ]
    ],
    [
        "descubr",
        [
            [
                2,
                2
            ],
            [
                3,
                2
            ]
        ]
    ],
    [
        "dese",
        [
            [
                0,
                1
            ]
        ]
    ],
    [
        "desfilader",
        [
            [
                3,
                1
            ]
        ]
    ],
    [
        "despert",
        [
            [
                1,
                1
            ]
        ]
    ],
    [
        "despus",
        [
            [
                0,
                2
            ],
            [
                1,
                3
            ]
        ]
    ],
    [
        "destin",
        [
            [
                0,
                1
            ]
        ]
    ],
    [
        "destru",
        [
            [
                1,
                1
            ],
            [
                2,
                1
            ]
        ]
    ],
    [
        "destruyer",
        [
            [
                1,
                1
            ]
        ]
    ],
    [
        "deud",
        [
            [
                4,
                1
            ]
        ]
    ],
    [
        "dilog",
        [
            [
                2,
                1
            ]
        ]
    ],
    [
        "dirig",
        [
            [
                2,
                2
            ],
            [
                4,
                2
            ]
        ]
    ],
    [
        "discurs",
        [
            [
                0,
                1
            ]
        ]
    ],
    [
        "discusin",
        [
            [
                0,
                1
            ]
        ]
    ],
    [
        "disfrut",
        [
            [
                2,
                1
            ]
        ]
    ],
    [
        "dispon",
        [
            [
                4,
                2
            ]
        ]
    ],
    [
        "dispus",
        [
            [
                4,
                2
            ]
        ]
    ],
    [
        "distint",
        [
            [
                1,
                1
            ]
        ]
    ],
    [
        "divid",
        [
            [
                2,
                1
            ]
        ]
    ],
    [
        "dm",
        [
            [
                1,
                1
            ]
        ]
    ],
    [
        "dnad",
        [
            [
                4,
                1
            ]
        ]
    ],
    [
        "dndol",
        [
            [
                0,
                1
            ]
        ]
    ],
    [
        "dnen",
        [
            [
                4,
                2
            ]
        ]
    ],
    [
        "dol",
        [
            [
                2,
                1
            ]
        ]
    ],
    [
        "dorm",
        [
            [
                2,
                1
            ]
        ]
    ],
    [
        "drad",
        [
            [
                4,
                1
            ]
        ]
    ],
    [
        "dredain",
        [
            [
                4,
                1
            ]
        ]
    ],
    [
        "dud",
        [
            [
                0,
                1
            ]
        ]
    ],
    [
        "echor",
        [
            [
                4,
                3
            ]
        ]
    ],
    [
        "edor",
        [
            [
                2,
                1
            ],
            [
                4,
                1
            ]
        ]
    ],
    [
        "ejerc",
        [
            [
                2,
                1
            ]
        ]
    ],
    [
        "ejrcit",
        [
            [
                2,
                1
            ],
            [
                4,
                7
            ]
        ]
    ],
    [
        "elfo",
        [
            [
                0,
                1
            ],
            [
                1,
                1
            ]
        ]
    ],
    [
        "elfos",
        [
            [
                1,
                2
            ]
        ]
    ],
    [
        "ellad",
        [
            [
                4,
                1
            ]
        ]
    ],
    [
        "ellalara",
        [
            [
                3,
                1
            ]
        ]
    ],
    [
        "elroh",
        [
            [
                4,
                1
            ]
        ]
    ],
    [
        "elrond",
        [
            [
                0,
                1
            ],
            [
                1,
                2
            ]
        ]
    ],
    [
        "emisari",
        [
            [
                4,
                1
            ]
        ]
    ],
    [
        "emprend",
        [
            [
                3,
                2
            ]
        ]
    ],
    [
        "emyn",
        [
            [
                3,
                2
            ]
        ]
    ],
    [
        "enan",
        [
            [
                1,
                2
            ]
        ]
    ],
    [
        "encarg",
        [
            [
                1,
                1
            ]
        ]
    ],
    [
        "encerr",
        [
            [
                1,
                1
            ],
            [
                2,
                1
            ]
        ]
    ],
    [
        "encontr",
        [
            [
                0,
                2
            ],
            [
                1,
                3
            ],
            [
                4,
                1
            ]
        ]
    ],
    [
        "encuentr",
        [
            [
                0,
                1
            ],
            [
                2,
                2
            ],
            [
                3,
                1
            ],
            [
                4,
                2
            ]
        ]
    ],
    [
        "ende",
        [
            [
                2,
                1
            ]
        ]
    ],
    [
        "enemig",
        [
            [
                1,
                1
            ],
            [
                3,
                1
            ],
            [
                4,
                2
            ]
        ]
    ],
    [
        "enfrent",
        [
            [
                1,
                1
            ]
        ]
    ],
    [
        "enfrentndos",
        [
            [
                4,
                1
            ]
        ]
    ],
    [
        "enloquec",
        [
            [
                4,
                2
            ]
        ]
    ],
    [
        "enorm",
        [
            [
                3,
                1
            ]
        ]
    ],
    [
        "ense",
        [
            [
                0,
                1
            ]
        ]
    ],
    [
        "ent",
        [
            [
                2,
                2
            ]
        ]
    ],
    [
        "enterndos",
        [
            [
                2,
                1
            ]
        ]
    ],
    [
        "entra",
        [
            [
                3,
                1
            ],
            [
                4,
                1
            ]
        ]
    ],
    [
        "entran",
        [
            [
                3,
                1
            ]
        ]
    ],
    [
        "entrar",
        [
            [
                3,
                1
            ],
            [
                4,
                1
            ]
        ]
    ],
    [
        "ents",
        [
            [
                2,
                1
            ]
        ]
    ],
    [
        "enva",
        [
            [
                4,
                1
            ]
        ]
    ],
    [
        "envi",
        [
            [
                4,
                2
            ]
        ]
    ],
    [
        "eregion",
        [
            [
                1,
                1
            ]
        ]
    ],
    [
        "escaler",
        [
            [
                3,
                1
            ]
        ]
    ],
    [
        "escap",
        [
            [
                0,
                1
            ],
            [
                1,
                1
            ],
            [
                2,
                2
            ],
            [
                3,
                1
            ]
        ]
    ],
    [
        "escaramuz",
        [
            [
                3,
                1
            ]
        ]
    ],
    [
        "escen",
        [
            [
                4,
                1
            ]
        ]
    ],
    [
        "escombr",
        [
            [
                2,
                1
            ]
        ]
    ],
    [
        "escond",
        [
            [
                1,
                1
            ]
        ]
    ],
    [
        "escuch",
        [
            [
                1,
                1
            ]
        ]
    ],
    [
        "espad",
        [
            [
                4,
                2
            ]
        ]
    ],
    [
        "esper",
        [
            [
                4,
                1
            ]
        ]
    ],
    [
        "espes",
        [
            [
                4,
                2
            ]
        ]
    ],
    [
        "esquiv",
        [
            [
                1,
                1
            ]
        ]
    ],
    [
        "est",
        [
            [
                3,
                1
            ]
        ]
    ],
    [
        "estar",
        [
            [
                1,
                1
            ]
        ]
    ],
    [
        "estn",
        [
            [
                2,
                1
            ]
        ]
    ],
    [
        "estoc",
        [
            [
                4,
                1
            ]
        ]
    ],
    [
        "estorb",
        [
            [
                4,
                1
            ]
        ]
    ],
    [
        "estrategi",
        [
            [
                2,
                2
            ]
        ]
    ],
    [
        "evit",
        [
            [
                0,
                1
            ]
        ]
    ],
    [
        "existent",
        [
            [
                3,
                1
            ]
        ]
    ],
    [
        "experient",
        [
            [
                2,
                1
            ]
        ]
    ],
    [
        "exterior",
        [
            [
                2,
                1
            ]
        ]
    ],
    [
        "fangorn",
        [
            [
                2,
                3
            ]
        ]
    ],
    [
        "faram",
        [
            [
                3,
                2
            ],
            [
                4,
                3
            ]
        ]
    ],
    [
        "fatig",
        [
            [
                2,
                1
            ]
        ]
    ],
    [
        "fiest",
        [
            [
                0,
                2
            ]
        ]
    ],
    [
        "final",
        [
            [
                2,
                1
            ],
            [
                3,
                1
            ]
        ]
    ],
    [
        "flech",
        [
            [
                4,
                1
            ]
        ]
    ],
    [
        "flot",
        [
            [
                4,
                1
            ]
        ]
    ],
    [
        "fold",
        [
            [
                2,
                1
            ]
        ]
    ],
    [
        "form",
        [
            [
                1,
                1
            ]
        ]
    ],
    [
        "fracas",
        [
            [
                4,
                1
            ]
        ]
    ],
    [
        "frent",
        [
            [
                2,
                1
            ]
        ]
    ],
    [
        "frod",
        [
            [
                0,
                8
            ],
            [
                1,
                6
            ],
            [
                2,
                1
            ],
            [
                3,
                7
            ],
            [
                4,
                2
            ]
        ]
    ],
    [
        "fueg",
        [
            [
                1,
                1
            ],
            [
                3,
                1
            ]
        ]
    ],
    [
        "fuerz",
        [
            [
                2,
                1
            ]
        ]
    ],
    [
        "funerari",
        [
            [
                4,
                1
            ]
        ]
    ],
    [
        "gal",
        [
            [
                1,
                1
            ],
            [
                2,
                1
            ],
            [
                4,
                1
            ]
        ]
    ],
    [
        "galadriel",
        [
            [
                1,
                1
            ],
            [
                4,
                1
            ]
        ]
    ],
    [
        "gam",
        [
            [
                0,
                1
            ]
        ]
    ],
    [
        "gamyi",
        [
            [
                0,
                1
            ]
        ]
    ],
    [
        "gandalf",
        [
            [
                0,
                6
            ],
            [
                1,
                6
            ],
            [
                2,
                10
            ],
            [
                4,
                7
            ]
        ]
    ],
    [
        "geb",
        [
            [
                1,
                1
            ]
        ]
    ],
    [
        "ghnburighn",
        [
            [
                4,
                1
            ]
        ]
    ],
    [
        "gigant",
        [
            [
                3,
                1
            ]
        ]
    ],
    [
        "gigantesc",
        [
            [
                4,
                1
            ]
        ]
    ],
    [
        "gimli",
        [
            [
                1,
                1
            ],
            [
                2,
                2
            ],
            [
                4,
                2
            ]
        ]
    ],
    [
        "gladi",
        [
            [
                0,
                1
            ]
        ]
    ],
    [
        "glorfindel",
        [
            [
                0,
                2
            ]
        ]
    ],
    [
        "gollum",
        [
            [
                0,
                1
            ],
            [
                3,
                5
            ]
        ]
    ],
    [
        "golp",
        [
            [
                4,
                1
            ]
        ]
    ],
    [
        "gondor",
        [
            [
                1,
                1
            ],
            [
                2,
                2
            ],
            [
                4,
                4
            ]
        ]
    ],
    [
        "gratitud",
        [
            [
                4,
                1
            ]
        ]
    ],
    [
        "graved",
        [
            [
                0,
                1
            ]
        ]
    ],
    [
        "gravement",
        [
            [
                4,
                1
            ]
        ]
    ],
    [
        "grma",
        [
            [
                2,
                2
            ]
        ]
    ],
    [
        "grond",
        [
            [
                4,
                1
            ]
        ]
    ],
    [
        "grup",
        [
            [
                3,
                1
            ],
            [
                4,
                1
            ]
        ]
    ],
    [
        "guard",
        [
            [
                0,
                1
            ],
            [
                2,
                2
            ]
        ]
    ],
    [
        "guardin",
        [
            [
                1,
                1
            ]
        ]
    ],
    [
        "gue",
        [
            [
                3,
                1
            ]
        ]
    ],
    [
        "hab",
        [
            [
                0,
                5
            ],
            [
                1,
                5
            ],
            [
                3,
                4
            ]
        ]
    ],
    [
        "habit",
        [
            [
                4,
                1
            ]
        ]
    ],
    [
        "habr",
        [
            [
                2,
                1
            ]
        ]
    ],
    [
        "halbar",
        [
            [
                4,
                1
            ]
        ]
    ],
    [
        "hald",
        [
            [
                1,
                1
            ]
        ]
    ],
    [
        "har",
        [
            [
                3,
                1
            ]
        ]
    ],
    [
        "harlond",
        [
            [
                4,
                1
            ]
        ]
    ],
    [
        "harn",
        [
            [
                2,
                1
            ]
        ]
    ],
    [
        "helm",
        [
            [
                2,
                2
            ]
        ]
    ],
    [
        "hen",
        [
            [
                1,
                1
            ]
        ]
    ],
    [
        "her",
        [
            [
                4,
                1
            ]
        ]
    ],
    [
        "hereder",
        [
            [
                1,
                1
            ]
        ]
    ],
    [
        "herenci",
        [
            [
                0,
                1
            ]
        ]
    ],
    [
        "herman",
        [
            [
                1,
                1
            ],
            [
                4,
                1
            ]
        ]
    ],
    [
        "hij",
        [
            [
                4,
                2
            ]
        ]
    ],
    [
        "hir",
        [
            [
                0,
                1
            ]
        ]
    ],
    [
        "hirgon",
        [
            [
                4,
                1
            ]
        ]
    ],
    [
        "histori",
        [
            [
                2,
                1
            ]
        ]
    ],
    [
        "hlit",
        [
            [
                4,
                1
            ]
        ]
    ],
    [
        "hobbit",
        [
            [
                0,
                3
            ],
            [
                1,
                1
            ],
            [
                2,
                1
            ],
            [
                3,
                1
            ]
        ]
    ],
    [
        "hobbits",
        [
            [
                0,
                5
            ],
            [
                1,
                1
            ],
            [
                2,
                4
            ],
            [
                3,
                2
            ]
        ]
    ],
    [
        "hombr",
        [
            [
                4,
                2
            ]
        ]
    ],
    [
        "hombresauc",
        [
            [
                0,
                1
            ]
        ]
    ],
    [
        "hor",
        [
            [
                4,
                1
            ]
        ]
    ],
    [
        "horribl",
        [
            [
                2,
                1
            ]
        ]
    ],
    [
        "huell",
        [
            [
                2,
                1
            ]
        ]
    ],
    [
        "huid",
        [
            [
                2,
                1
            ]
        ]
    ],
    [
        "huir",
        [
            [
                1,
                1
            ],
            [
                3,
                1
            ]
        ]
    ],
    [
        "hurtadill",
        [
            [
                3,
                1
            ]
        ]
    ],
    [
        "huy",
        [
            [
                4,
                1
            ]
        ]
    ],
    [
        "ident",
        [
            [
                4,
                1
            ]
        ]
    ],
    [
        "iii",
        [
            [
                2,
                1
            ]
        ]
    ],
    [
        "impos",
        [
            [
                4,
                1
            ]
        ]
    ],
    [
        "imposibilit",
        [
            [
                3,
                1
            ]
        ]
    ],
    [
        "inclu",
        [
            [
                4,
                1
            ]
        ]
    ],
    [
        "inconscient",
        [
            [
                3,
                1
            ]
        ]
    ],
    [
        "inert",
        [
            [
                3,
                1
            ]
        ]
    ],
    [
        "influenci",
        [
            [
                2,
                1
            ]
        ]
    ],
    [
        "inform",
        [
            [
                0,
                2
            ],
            [
                1,
                1
            ],
            [
                2,
                1
            ],
            [
                4,
                1
            ]
        ]
    ],
    [
        "informacin",
        [
            [
                0,
                1
            ]
        ]
    ],
    [
        "inici",
        [
            [
                1,
                1
            ]
        ]
    ],
    [
        "inminent",
        [
            [
                2,
                1
            ]
        ]
    ],
    [
        "inmoviliz",
        [
            [
                3,
                1
            ]
        ]
    ],
    [
        "integr",
        [
            [
                2,
                1
            ]
        ]
    ],
    [
        "intencin",
        [
            [
                2,
                2
            ],
            [
                4,
                1
            ]
        ]
    ],
    [
        "intent",
        [
            [
                1,
                1
            ]
        ]
    ],
    [
        "intern",
        [
            [
                2,
                1
            ]
        ]
    ],
    [
        "interpon",
        [
            [
                4,
                1
            ]
        ]
    ],
    [
        "intervencin",
        [
            [
                3,
                1
            ]
        ]
    ],
    [
        "intrig",
        [
            [
                2,
                1
            ]
        ]
    ],
    [
        "invit",
        [
            [
                1,
                1
            ]
        ]
    ],
    [
        "involuntari",
        [
            [
                2,
                1
            ]
        ]
    ],
    [
        "irse",
        [
            [
                0,
                1
            ]
        ]
    ],
    [
        "isen",
        [
            [
                4,
                1
            ]
        ]
    ],
    [
        "isengard",
        [
            [
                1,
                3
            ],
            [
                2,
                4
            ]
        ]
    ],
    [
        "isildur",
        [
            [
                0,
                1
            ],
            [
                4,
                1
            ]
        ]
    ],
    [
        "ithili",
        [
            [
                3,
                1
            ]
        ]
    ],
    [
        "jardiner",
        [
            [
                0,
                1
            ]
        ]
    ],
    [
        "jef",
        [
            [
                4,
                1
            ]
        ]
    ],
    [
        "jinet",
        [
            [
                4,
                3
            ]
        ]
    ],
    [
        "jurament",
        [
            [
                4,
                1
            ]
        ]
    ],
    [
        "khaz",
        [
            [
                1,
                1
            ]
        ]
    ],
    [
        "krak",
        [
            [
                1,
                1
            ]
        ]
    ],
    [
        "l",
        [
            [
                0,
                2
            ],
            [
                1,
                6
            ],
            [
                2,
                1
            ],
            [
                3,
                2
            ],
            [
                4,
                3
            ]
        ]
    ],
    [
        "lag",
        [
            [
                1,
                1
            ]
        ]
    ],
    [
        "lancer",
        [
            [
                4,
                1
            ]
        ]
    ],
    [
        "lanz",
        [
            [
                4,
                2
            ]
        ]
    ],
    [
        "legol",
        [
            [
                1,
                1
            ],
            [
                2,
                1
            ],
            [
                4,
                2
            ]
        ]
    ],
    [
        "ley",
        [
            [
                3,
                1
            ]
        ]
    ],
    [
        "lfic",
        [
            [
                1,
                1
            ]
        ]
    ],
    [
        "lgol",
        [
            [
                2,
                1
            ]
        ]
    ],
    [
        "liber",
        [
            [
                2,
                1
            ],
            [
                4,
                1
            ]
        ]
    ],
    [
        "libr",
        [
            [
                1,
                1
            ],
            [
                2,
                1
            ],
            [
                3,
                2
            ],
            [
                4,
                1
            ]
        ]
    ],
    [
        "lind",
        [
            [
                2,
                1
            ]
        ]
    ],
    [
        "llam",
        [
            [
                0,
                2
            ],
            [
                1,
                2
            ],
            [
                4,
                2
            ]
        ]
    ],
    [
        "lleg",
        [
            [
                0,
                3
            ],
            [
                1,
                6
            ],
            [
                2,
                2
            ],
            [
                3,
                2
            ],
            [
                4,
                5
            ]
        ]
    ],
    [
        "llev",
        [
            [
                0,
                1
            ],
            [
                1,
                4
            ],
            [
                2,
                1
            ],
            [
                3,
                1
            ],
            [
                4,
                1
            ]
        ]
    ],
    [
        "lob",
        [
            [
                1,
                1
            ]
        ]
    ],
    [
        "locur",
        [
            [
                4,
                2
            ]
        ]
    ],
    [
        "logr",
        [
            [
                0,
                2
            ],
            [
                1,
                3
            ]
        ]
    ],
    [
        "lom",
        [
            [
                4,
                1
            ]
        ]
    ],
    [
        "lothlri",
        [
            [
                1,
                1
            ]
        ]
    ],
    [
        "ltig",
        [
            [
                1,
                1
            ]
        ]
    ],
    [
        "ltim",
        [
            [
                0,
                1
            ],
            [
                2,
                1
            ]
        ]
    ],
    [
        "luch",
        [
            [
                3,
                1
            ],
            [
                4,
                3
            ]
        ]
    ],
    [
        "luz",
        [
            [
                4,
                1
            ]
        ]
    ],
    [
        "mag",
        [
            [
                0,
                2
            ],
            [
                1,
                1
            ],
            [
                2,
                6
            ]
        ]
    ],
    [
        "maldicin",
        [
            [
                4,
                1
            ]
        ]
    ],
    [
        "malher",
        [
            [
                3,
                1
            ],
            [
                4,
                1
            ]
        ]
    ],
    [
        "malign",
        [
            [
                2,
                1
            ]
        ]
    ],
    [
        "man",
        [
            [
                2,
                3
            ]
        ]
    ],
    [
        "march",
        [
            [
                3,
                3
            ]
        ]
    ],
    [
        "mariscal",
        [
            [
                2,
                1
            ]
        ]
    ],
    [
        "mazarbul",
        [
            [
                1,
                1
            ]
        ]
    ],
    [
        "medi",
        [
            [
                1,
                1
            ]
        ]
    ],
    [
        "meduseld",
        [
            [
                2,
                1
            ]
        ]
    ],
    [
        "merry",
        [
            [
                0,
                1
            ],
            [
                1,
                2
            ],
            [
                2,
                4
            ],
            [
                4,
                3
            ]
        ]
    ],
    [
        "mes",
        [
            [
                1,
                2
            ]
        ]
    ],
    [
        "metr",
        [
            [
                3,
                1
            ]
        ]
    ],
    [
        "mgic",
        [
            [
                0,
                1
            ]
        ]
    ],
    [
        "miembr",
        [
            [
                1,
                1
            ]
        ]
    ],
    [
        "mill",
        [
            [
                4,
                1
            ]
        ]
    ],
    [
        "min",
        [
            [
                1,
                4
            ],
            [
                2,
                1
            ],
            [
                3,
                1
            ],
            [
                4,
                6
            ]
        ]
    ],
    [
        "mir",
        [
            [
                2,
                2
            ]
        ]
    ],
    [
        "misin",
        [
            [
                3,
                1
            ],
            [
                4,
                3
            ]
        ]
    ],
    [
        "misteri",
        [
            [
                0,
                1
            ]
        ]
    ],
    [
        "monstru",
        [
            [
                1,
                1
            ]
        ]
    ],
    [
        "mont",
        [
            [
                0,
                1
            ],
            [
                1,
                2
            ],
            [
                4,
                1
            ]
        ]
    ],
    [
        "monta",
        [
            [
                1,
                1
            ]
        ]
    ],
    [
        "montarac",
        [
            [
                3,
                2
            ],
            [
                4,
                1
            ]
        ]
    ],
    [
        "mordor",
        [
            [
                1,
                1
            ],
            [
                3,
                4
            ],
            [
                4,
                2
            ]
        ]
    ],
    [
        "morgai",
        [
            [
                3,
                1
            ]
        ]
    ],
    [
        "morgul",
        [
            [
                3,
                1
            ]
        ]
    ],
    [
        "mori",
        [
            [
                1,
                3
            ],
            [
                3,
                1
            ]
        ]
    ],
    [
        "mortuori",
        [
            [
                4,
                1
            ]
        ]
    ],
    [
        "mostr",
        [
            [
                4,
                1
            ]
        ]
    ],
    [
        "motiv",
        [
            [
                0,
                1
            ],
            [
                3,
                1
            ]
        ]
    ],
    [
        "movilizacin",
        [
            [
                4,
                1
            ]
        ]
    ],
    [
        "ms",
        [
            [
                1,
                4
            ],
            [
                2,
                2
            ],
            [
                4,
                2
            ]
        ]
    ],
    [
        "muer",
        [
            [
                2,
                1
            ],
            [
                4,
                2
            ]
        ]
    ],
    [
        "muert",
        [
            [
                1,
                2
            ],
            [
                3,
                4
            ],
            [
                4,
                3
            ]
        ]
    ],
    [
        "muil",
        [
            [
                3,
                2
            ]
        ]
    ],
    [
        "narr",
        [
            [
                1,
                1
            ]
        ]
    ],
    [
        "narracin",
        [
            [
                2,
                1
            ]
        ]
    ],
    [
        "nazgl",
        [
            [
                0,
                4
            ],
            [
                1,
                1
            ],
            [
                4,
                4
            ]
        ]
    ],
    [
        "neg",
        [
            [
                0,
                1
            ]
        ]
    ],
    [
        "negat",
        [
            [
                1,
                1
            ]
        ]
    ],
    [
        "negr",
        [
            [
                1,
                1
            ],
            [
                3,
                1
            ],
            [
                4,
                3
            ]
        ]
    ],
    [
        "nic",
        [
            [
                0,
                1
            ],
            [
                3,
                1
            ]
        ]
    ],
    [
        "niebl",
        [
            [
                0,
                1
            ]
        ]
    ],
    [
        "nieg",
        [
            [
                2,
                1
            ]
        ]
    ],
    [
        "nob",
        [
            [
                0,
                1
            ]
        ]
    ],
    [
        "noch",
        [
            [
                0,
                1
            ]
        ]
    ],
    [
        "notici",
        [
            [
                0,
                1
            ],
            [
                2,
                1
            ]
        ]
    ],
    [
        "nub",
        [
            [
                4,
                1
            ]
        ]
    ],
    [
        "nubl",
        [
            [
                1,
                1
            ]
        ]
    ],
    [
        "numer",
        [
            [
                1,
                1
            ]
        ]
    ],
    [
        "objet",
        [
            [
                2,
                3
            ],
            [
                3,
                1
            ]
        ]
    ],
    [
        "oblig",
        [
            [
                1,
                1
            ],
            [
                2,
                1
            ],
            [
                3,
                1
            ],
            [
                4,
                2
            ]
        ]
    ],
    [
        "obra",
        [
            [
                0,
                1
            ]
        ]
    ],
    [
        "observ",
        [
            [
                4,
                1
            ]
        ]
    ],
    [
        "obsesion",
        [
            [
                3,
                1
            ]
        ]
    ],
    [
        "obstant",
        [
            [
                4,
                1
            ]
        ]
    ],
    [
        "ocasion",
        [
            [
                0,
                1
            ]
        ]
    ],
    [
        "ocult",
        [
            [
                3,
                1
            ],
            [
                4,
                1
            ]
        ]
    ],
    [
        "ocultndol",
        [
            [
                4,
                1
            ]
        ]
    ],
    [
        "ocurr",
        [
            [
                1,
                3
            ],
            [
                3,
                1
            ],
            [
                4,
                1
            ]
        ]
    ],
    [
        "oest",
        [
            [
                1,
                1
            ],
            [
                2,
                2
            ]
        ]
    ],
    [
        "ofreci",
        [
            [
                1,
                2
            ]
        ]
    ],
    [
        "ofrecindol",
        [
            [
                4,
                1
            ]
        ]
    ],
    [
        "ojos",
        [
            [
                3,
                1
            ]
        ]
    ],
    [
        "omer",
        [
            [
                2,
                2
            ],
            [
                4,
                1
            ]
        ]
    ],
    [
        "oponent",
        [
            [
                2,
                1
            ]
        ]
    ],
    [
        "oportun",
        [
            [
                2,
                2
            ]
        ]
    ],
    [
        "orcos",
        [
            [
                1,
                3
            ],
            [
                2,
                2
            ],
            [
                3,
                1
            ],
            [
                4,
                2
            ]
        ]
    ],
    [
        "orden",
        [
            [
                0,
                1
            ]
        ]
    ],
    [
        "ored",
        [
            [
                2,
                1
            ]
        ]
    ],
    [
        "orill",
        [
            [
                1,
                2
            ]
        ]
    ],
    [
        "orodruin",
        [
            [
                1,
                1
            ]
        ]
    ],
    [
        "orse",
        [
            [
                1,
                1
            ]
        ]
    ],
    [
        "orthanc",
        [
            [
                2,
                3
            ]
        ]
    ],
    [
        "oscur",
        [
            [
                0,
                1
            ],
            [
                2,
                1
            ]
        ]
    ],
    [
        "owyn",
        [
            [
                4,
                2
            ]
        ]
    ],
    [
        "oye",
        [
            [
                3,
                1
            ]
        ]
    ],
    [
        "pag",
        [
            [
                4,
                1
            ]
        ]
    ],
    [
        "palant",
        [
            [
                2,
                1
            ]
        ]
    ],
    [
        "par",
        [
            [
                0,
                1
            ]
        ]
    ],
    [
        "parec",
        [
            [
                1,
                1
            ]
        ]
    ],
    [
        "part",
        [
            [
                0,
                3
            ],
            [
                2,
                2
            ],
            [
                3,
                1
            ],
            [
                4,
                2
            ]
        ]
    ],
    [
        "parth",
        [
            [
                1,
                1
            ],
            [
                2,
                1
            ],
            [
                4,
                1
            ]
        ]
    ],
    [
        "parti",
        [
            [
                0,
                1
            ],
            [
                1,
                2
            ]
        ]
    ],
    [
        "pas",
        [
            [
                0,
                1
            ],
            [
                1,
                3
            ],
            [
                3,
                1
            ]
        ]
    ],
    [
        "paz",
        [
            [
                0,
                1
            ]
        ]
    ],
    [
        "ped",
        [
            [
                1,
                1
            ]
        ]
    ],
    [
        "pelarg",
        [
            [
                4,
                1
            ]
        ]
    ],
    [
        "pelennor",
        [
            [
                4,
                1
            ]
        ]
    ],
    [
        "peligr",
        [
            [
                1,
                1
            ],
            [
                2,
                1
            ]
        ]
    ],
    [
        "penetr",
        [
            [
                4,
                1
            ]
        ]
    ],
    [
        "pens",
        [
            [
                2,
                1
            ]
        ]
    ],
    [
        "peque",
        [
            [
                0,
                1
            ]
        ]
    ],
    [
        "perd",
        [
            [
                0,
                2
            ]
        ]
    ],
    [
        "perec",
        [
            [
                2,
                1
            ]
        ]
    ],
    [
        "peripeci",
        [
            [
                2,
                1
            ]
        ]
    ],
    [
        "permit",
        [
            [
                3,
                1
            ]
        ]
    ],
    [
        "persecucin",
        [
            [
                2,
                1
            ]
        ]
    ],
    [
        "persegu",
        [
            [
                0,
                1
            ],
            [
                2,
                1
            ]
        ]
    ],
    [
        "persig",
        [
            [
                0,
                1
            ]
        ]
    ],
    [
        "personaj",
        [
            [
                0,
                1
            ]
        ]
    ],
    [
        "personal",
        [
            [
                3,
                1
            ]
        ]
    ],
    [
        "pic",
        [
            [
                3,
                1
            ]
        ]
    ],
    [
        "pies",
        [
            [
                1,
                1
            ]
        ]
    ],
    [
        "pippin",
        [
            [
                0,
                1
            ],
            [
                1,
                2
            ],
            [
                2,
                7
            ],
            [
                4,
                5
            ]
        ]
    ],
    [
        "pir",
        [
            [
                4,
                2
            ]
        ]
    ],
    [
        "pisador",
        [
            [
                0,
                1
            ]
        ]
    ],
    [
        "plan",
        [
            [
                0,
                2
            ],
            [
                3,
                1
            ]
        ]
    ],
    [
        "pney",
        [
            [
                0,
                1
            ]
        ]
    ],
    [
        "poder",
        [
            [
                1,
                1
            ]
        ]
    ],
    [
        "pon",
        [
            [
                0,
                1
            ],
            [
                2,
                1
            ],
            [
                3,
                1
            ]
        ]
    ],
    [
        "pos",
        [
            [
                0,
                2
            ]
        ]
    ],
    [
        "prad",
        [
            [
                1,
                1
            ]
        ]
    ],
    [
        "precipitacin",
        [
            [
                2,
                1
            ]
        ]
    ],
    [
        "prefij",
        [
            [
                2,
                1
            ]
        ]
    ],
    [
        "prep",
        [
            [
                2,
                1
            ]
        ]
    ],
    [
        "prepar",
        [
            [
                2,
                1
            ],
            [
                3,
                1
            ]
        ]
    ],
    [
        "pres",
        [
            [
                1,
                1
            ]
        ]
    ],
    [
        "presenci",
        [
            [
                3,
                1
            ],
            [
                4,
                1
            ]
        ]
    ],
    [
        "present",
        [
            [
                4,
                1
            ]
        ]
    ],
    [
        "pretext",
        [
            [
                0,
                1
            ]
        ]
    ],
    [
        "previ",
        [
            [
                2,
                1
            ]
        ]
    ],
    [
        "principal",
        [
            [
                0,
                1
            ]
        ]
    ],
    [
        "prncip",
        [
            [
                1,
                1
            ]
        ]
    ],
    [
        "problem",
        [
            [
                4,
                1
            ]
        ]
    ],
    [
        "produc",
        [
            [
                2,
                1
            ]
        ]
    ],
    [
        "product",
        [
            [
                0,
                1
            ]
        ]
    ],
    [
        "pronunci",
        [
            [
                0,
                1
            ]
        ]
    ],
    [
        "proteg",
        [
            [
                1,
                1
            ],
            [
                2,
                1
            ]
        ]
    ],
    [
        "pud",
        [
            [
                0,
                1
            ]
        ]
    ],
    [
        "puebl",
        [
            [
                1,
                2
            ]
        ]
    ],
    [
        "puent",
        [
            [
                1,
                2
            ]
        ]
    ],
    [
        "puert",
        [
            [
                1,
                2
            ],
            [
                2,
                1
            ],
            [
                3,
                1
            ],
            [
                4,
                3
            ]
        ]
    ],
    [
        "puest",
        [
            [
                2,
                1
            ],
            [
                4,
                1
            ]
        ]
    ],
    [
        "pus",
        [
            [
                0,
                1
            ],
            [
                1,
                1
            ]
        ]
    ],
    [
        "qu",
        [
            [
                3,
                1
            ]
        ]
    ],
    [
        "quebr",
        [
            [
                0,
                1
            ]
        ]
    ],
    [
        "qued",
        [
            [
                0,
                2
            ],
            [
                2,
                2
            ]
        ]
    ],
    [
        "quem",
        [
            [
                4,
                1
            ]
        ]
    ],
    [
        "quer",
        [
            [
                1,
                1
            ]
        ]
    ],
    [
        "quit",
        [
            [
                1,
                1
            ]
        ]
    ],
    [
        "quitndosel",
        [
            [
                2,
                1
            ]
        ]
    ],
    [
        "ramm",
        [
            [
                4,
                3
            ]
        ]
    ],
    [
        "rath",
        [
            [
                4,
                2
            ]
        ]
    ],
    [
        "raz",
        [
            [
                4,
                1
            ]
        ]
    ],
    [
        "rechaz",
        [
            [
                1,
                1
            ]
        ]
    ],
    [
        "recib",
        [
            [
                2,
                1
            ],
            [
                4,
                1
            ]
        ]
    ],
    [
        "recorr",
        [
            [
                3,
                1
            ]
        ]
    ],
    [
        "rect",
        [
            [
                3,
                1
            ]
        ]
    ],
    [
        "reencontr",
        [
            [
                2,
                1
            ]
        ]
    ],
    [
        "reencuentr",
        [
            [
                2,
                1
            ]
        ]
    ],
    [
        "reflexion",
        [
            [
                1,
                1
            ]
        ]
    ],
    [
        "refugi",
        [
            [
                2,
                1
            ]
        ]
    ],
    [
        "regin",
        [
            [
                4,
                1
            ]
        ]
    ],
    [
        "regr",
        [
            [
                1,
                1
            ]
        ]
    ],
    [
        "regres",
        [
            [
                0,
                1
            ],
            [
                4,
                1
            ]
        ]
    ],
    [
        "rein",
        [
            [
                2,
                2
            ],
            [
                3,
                1
            ]
        ]
    ],
    [
        "relat",
        [
            [
                2,
                1
            ]
        ]
    ],
    [
        "remat",
        [
            [
                4,
                1
            ]
        ]
    ],
    [
        "ren",
        [
            [
                4,
                1
            ]
        ]
    ],
    [
        "repleg",
        [
            [
                2,
                1
            ]
        ]
    ],
    [
        "replieg",
        [
            [
                2,
                1
            ]
        ]
    ],
    [
        "repon",
        [
            [
                2,
                1
            ]
        ]
    ],
    [
        "represent",
        [
            [
                1,
                1
            ],
            [
                2,
                1
            ]
        ]
    ],
    [
        "rescat",
        [
            [
                2,
                2
            ],
            [
                3,
                1
            ]
        ]
    ],
    [
        "resistent",
        [
            [
                4,
                1
            ]
        ]
    ],
    [
        "rest",
        [
            [
                0,
                1
            ],
            [
                1,
                1
            ],
            [
                3,
                1
            ]
        ]
    ],
    [
        "retir",
        [
            [
                4,
                1
            ]
        ]
    ],
    [
        "retract",
        [
            [
                2,
                1
            ]
        ]
    ],
    [
        "retroced",
        [
            [
                4,
                1
            ]
        ]
    ],
    [
        "retuv",
        [
            [
                1,
                1
            ]
        ]
    ],
    [
        "reun",
        [
            [
                0,
                1
            ]
        ]
    ],
    [
        "revel",
        [
            [
                1,
                1
            ],
            [
                2,
                1
            ],
            [
                4,
                1
            ]
        ]
    ],
    [
        "rey",
        [
            [
                0,
                1
            ],
            [
                2,
                1
            ],
            [
                3,
                1
            ],
            [
                4,
                12
            ]
        ]
    ],
    [
        "rivendel",
        [
            [
                0,
                4
            ],
            [
                1,
                1
            ]
        ]
    ],
    [
        "ro",
        [
            [
                0,
                2
            ],
            [
                1,
                3
            ],
            [
                4,
                1
            ]
        ]
    ],
    [
        "roh",
        [
            [
                1,
                1
            ],
            [
                2,
                3
            ],
            [
                4,
                3
            ]
        ]
    ],
    [
        "rohirrim",
        [
            [
                2,
                3
            ],
            [
                4,
                2
            ]
        ]
    ],
    [
        "roj",
        [
            [
                4,
                1
            ]
        ]
    ],
    [
        "romp",
        [
            [
                4,
                1
            ]
        ]
    ],
    [
        "rop",
        [
            [
                2,
                1
            ]
        ]
    ],
    [
        "ropaj",
        [
            [
                4,
                1
            ]
        ]
    ],
    [
        "sab",
        [
            [
                0,
                1
            ]
        ]
    ],
    [
        "sabi",
        [
            [
                0,
                1
            ]
        ]
    ],
    [
        "sagrari",
        [
            [
                4,
                2
            ]
        ]
    ],
    [
        "sal",
        [
            [
                0,
                1
            ],
            [
                1,
                1
            ],
            [
                3,
                3
            ],
            [
                4,
                2
            ]
        ]
    ],
    [
        "salv",
        [
            [
                0,
                3
            ],
            [
                2,
                1
            ]
        ]
    ],
    [
        "sam",
        [
            [
                1,
                3
            ],
            [
                2,
                1
            ],
            [
                3,
                6
            ]
        ]
    ],
    [
        "samsagaz",
        [
            [
                0,
                1
            ]
        ]
    ],
    [
        "sarn",
        [
            [
                1,
                1
            ]
        ]
    ],
    [
        "sarum",
        [
            [
                1,
                3
            ],
            [
                2,
                5
            ]
        ]
    ],
    [
        "sauron",
        [
            [
                0,
                2
            ],
            [
                1,
                2
            ],
            [
                2,
                3
            ],
            [
                3,
                1
            ]
        ]
    ],
    [
        "seal",
        [
            [
                2,
                1
            ],
            [
                4,
                1
            ]
        ]
    ],
    [
        "segn",
        [
            [
                4,
                1
            ]
        ]
    ],
    [
        "segu",
        [
            [
                1,
                2
            ],
            [
                2,
                1
            ]
        ]
    ],
    [
        "sender",
        [
            [
                4,
                2
            ]
        ]
    ],
    [
        "senescal",
        [
            [
                1,
                1
            ],
            [
                4,
                4
            ]
        ]
    ],
    [
        "sent",
        [
            [
                2,
                1
            ]
        ]
    ],
    [
        "seor",
        [
            [
                0,
                1
            ],
            [
                1,
                2
            ],
            [
                2,
                1
            ]
        ]
    ],
    [
        "separacin",
        [
            [
                2,
                1
            ],
            [
                3,
                1
            ]
        ]
    ],
    [
        "ser",
        [
            [
                4,
                1
            ]
        ]
    ],
    [
        "servici",
        [
            [
                4,
                2
            ]
        ]
    ],
    [
        "servidor",
        [
            [
                0,
                1
            ]
        ]
    ],
    [
        "sext",
        [
            [
                4,
                2
            ]
        ]
    ],
    [
        "sient",
        [
            [
                3,
                1
            ]
        ]
    ],
    [
        "sigu",
        [
            [
                1,
                2
            ]
        ]
    ],
    [
        "sigui",
        [
            [
                1,
                1
            ]
        ]
    ],
    [
        "siguindol",
        [
            [
                3,
                1
            ]
        ]
    ],
    [
        "sirvient",
        [
            [
                2,
                2
            ]
        ]
    ],
    [
        "siti",
        [
            [
                4,
                3
            ]
        ]
    ],
    [
        "sl",
        [
            [
                0,
                1
            ]
        ]
    ],
    [
        "sntom",
        [
            [
                4,
                1
            ]
        ]
    ],
    [
        "sobrin",
        [
            [
                0,
                1
            ],
            [
                4,
                1
            ]
        ]
    ],
    [
        "sol",
        [
            [
                4,
                1
            ]
        ]
    ],
    [
        "sombr",
        [
            [
                4,
                1
            ]
        ]
    ],
    [
        "sombragrs",
        [
            [
                4,
                1
            ]
        ]
    ],
    [
        "sorprend",
        [
            [
                0,
                1
            ],
            [
                4,
                1
            ]
        ]
    ],
    [
        "sorpres",
        [
            [
                2,
                1
            ]
        ]
    ],
    [
        "ste",
        [
            [
                1,
                1
            ],
            [
                2,
                1
            ]
        ]
    ],
    [
        "stos",
        [
            [
                4,
                1
            ]
        ]
    ],
    [
        "suces",
        [
            [
                4,
                1
            ]
        ]
    ],
    [
        "sufr",
        [
            [
                2,
                1
            ]
        ]
    ],
    [
        "supon",
        [
            [
                3,
                1
            ]
        ]
    ],
    [
        "supondr",
        [
            [
                4,
                1
            ]
        ]
    ],
    [
        "sur",
        [
            [
                4,
                3
            ]
        ]
    ],
    [
        "tama",
        [
            [
                4,
                1
            ]
        ]
    ],
    [
        "tambin",
        [
            [
                0,
                2
            ],
            [
                1,
                1
            ],
            [
                3,
                1
            ],
            [
                4,
                1
            ]
        ]
    ],
    [
        "tambor",
        [
            [
                1,
                1
            ]
        ]
    ],
    [
        "tem",
        [
            [
                1,
                1
            ]
        ]
    ],
    [
        "ten",
        [
            [
                0,
                1
            ]
        ]
    ],
    [
        "tendn",
        [
            [
                4,
                1
            ]
        ]
    ],
    [
        "termin",
        [
            [
                0,
                1
            ],
            [
                4,
                2
            ]
        ]
    ],
    [
        "terren",
        [
            [
                3,
                1
            ]
        ]
    ],
    [
        "territori",
        [
            [
                2,
                1
            ]
        ]
    ],
    [
        "thod",
        [
            [
                2,
                2
            ],
            [
                4,
                5
            ]
        ]
    ],
    [
        "tierr",
        [
            [
                1,
                1
            ]
        ]
    ],
    [
        "tirith",
        [
            [
                1,
                1
            ],
            [
                2,
                1
            ],
            [
                3,
                1
            ],
            [
                4,
                6
            ]
        ]
    ],
    [
        "tmul",
        [
            [
                0,
                1
            ]
        ]
    ],
    [
        "tom",
        [
            [
                0,
                2
            ],
            [
                2,
                1
            ],
            [
                3,
                2
            ],
            [
                4,
                4
            ]
        ]
    ],
    [
        "toqu",
        [
            [
                0,
                1
            ]
        ]
    ],
    [
        "torech",
        [
            [
                3,
                1
            ]
        ]
    ],
    [
        "torr",
        [
            [
                2,
                1
            ],
            [
                3,
                1
            ]
        ]
    ],
    [
        "tortur",
        [
            [
                2,
                1
            ]
        ]
    ],
    [
        "tra",
        [
            [
                4,
                1
            ]
        ]
    ],
    [
        "traicin",
        [
            [
                1,
                1
            ],
            [
                3,
                1
            ]
        ]
    ],
    [
        "traicion",
        [
            [
                3,
                1
            ]
        ]
    ],
    [
        "tramp",
        [
            [
                0,
                1
            ]
        ]
    ],
    [
        "tranquil",
        [
            [
                0,
                1
            ]
        ]
    ],
    [
        "transmit",
        [
            [
                4,
                1
            ]
        ]
    ],
    [
        "trat",
        [
            [
                0,
                1
            ],
            [
                1,
                2
            ],
            [
                2,
                1
            ]
        ]
    ],
    [
        "travs",
        [
            [
                2,
                1
            ]
        ]
    ],
    [
        "traz",
        [
            [
                0,
                1
            ]
        ]
    ],
    [
        "treinten",
        [
            [
                2,
                1
            ]
        ]
    ],
    [
        "trop",
        [
            [
                3,
                2
            ],
            [
                4,
                2
            ]
        ]
    ],
    [
        "tumb",
        [
            [
                1,
                1
            ]
        ]
    ],
    [
        "tumulari",
        [
            [
                0,
                2
            ]
        ]
    ],
    [
        "ucorn",
        [
            [
                0,
                1
            ],
            [
                2,
                1
            ]
        ]
    ],
    [
        "umbar",
        [
            [
                4,
                1
            ]
        ]
    ],
    [
        "ungol",
        [
            [
                3,
                4
            ]
        ]
    ],
    [
        "urukhai",
        [
            [
                2,
                1
            ]
        ]
    ],
    [
        "vad",
        [
            [
                0,
                1
            ],
            [
                4,
                1
            ]
        ]
    ],
    [
        "vag",
        [
            [
                3,
                1
            ]
        ]
    ],
    [
        "vall",
        [
            [
                3,
                1
            ]
        ]
    ],
    [
        "ve",
        [
            [
                3,
                1
            ]
        ]
    ],
    [
        "veint",
        [
            [
                0,
                1
            ]
        ]
    ],
    [
        "veloz",
        [
            [
                4,
                1
            ]
        ]
    ],
    [
        "ven",
        [
            [
                4,
                1
            ]
        ]
    ],
    [
        "venc",
        [
            [
                2,
                1
            ]
        ]
    ],
    [
        "venen",
        [
            [
                3,
                1
            ]
        ]
    ],
    [
        "viaj",
        [
            [
                0,
                2
            ],
            [
                1,
                1
            ],
            [
                3,
                1
            ],
            [
                4,
                1
            ]
        ]
    ],
    [
        "viajer",
        [
            [
                3,
                2
            ]
        ]
    ],
    [
        "vigil",
        [
            [
                3,
                1
            ]
        ]
    ],
    [
        "vio",
        [
            [
                1,
                1
            ],
            [
                4,
                1
            ]
        ]
    ],
    [
        "vision",
        [
            [
                2,
                1
            ]
        ]
    ],
    [
        "visit",
        [
            [
                4,
                1
            ]
        ]
    ],
    [
        "viv",
        [
            [
                0,
                1
            ],
            [
                2,
                1
            ]
        ]
    ],
    [
        "volte",
        [
            [
                4,
                1
            ]
        ]
    ],
    [
        "vuelt",
        [
            [
                1,
                1
            ],
            [
                4,
                1
            ]
        ]
    ],
    [
        "vuelv",
        [
            [
                3,
                2
            ]
        ]
    ],
    [
        "yelm",
        [
            [
                4,
                1
            ]
        ]
    ],
    [
        "yend",
        [
            [
                3,
                1
            ]
        ]
    ]
]